--------------------------
1:
1	3 3
2	3 3
3	2 3
4	3 3
5	3 3
6	3 2
7	2 2
8	2 2
9	2 2
10	2 2
11	2 3
12	2 3
13	2 2
14	2 2
15	2 2
16	2 3
17	2 4
18	2 5
19	2 4
20	2 5
21	2 6
22	2 5
23	2 6
24	2 6
25	2 7
26	2 8
27	3 8
28	3 8
29	3 7
30	2 7
31	3 7
32	2 7
33	3 7
34	3 6
35	4 6
36	3 6
37	4 6
38	4 5
39	4 6
40	4 7
41	4 6
42	5 6
43	5 5
44	4 5
45	4 5
46	4 6
47	3 6
48	2 6
49	2 5
50	2 6
51	3 6
52	3 7
53	4 7
54	3 7
55	3 6
56	3 7
57	3 6
58	3 5
59	3 5
60	2 5
61	2 6
62	3 6
63	3 7
64	3 6
65	2 6
66	2 5
67	2 6
68	2 7
69	2 8
70	2 7
71	2 7
72	2 8
73	2 7
74	2 8
75	3 8
76	3 7
77	3 8
78	3 8
79	3 8
80	4 8
81	3 8
82	3 7
83	3 6
84	3 7
85	2 7
86	2 8
87	2 8
88	3 8
89	4 8
90	4 7
91	3 7
92	2 7
93	2 6
94	2 5
95	2 5
96	3 5
97	2 5
98	2 6
99	2 6
100	2 6
--------------------------
2:
1	3 3
2	3 3
3	3 3
4	3 3
5	3 3
6	2 3
7	2 3
8	3 3
9	3 3
10	3 3
11	2 3
12	2 2
13	2 2
14	2 2
15	2 3
16	2 3
17	2 2
18	2 2
19	3 2
20	4 2
21	4 2
22	4 2
23	5 2
24	4 2
25	4 2
26	5 2
27	4 2
28	5 2
29	4 2
30	3 2
31	3 2
32	3 3
33	2 3
34	3 3
35	3 3
36	3 2
37	3 2
38	2 2
39	2 3
40	2 3
41	2 4
42	2 4
43	2 3
44	2 3
45	2 3
46	2 4
47	2 5
48	2 4
49	2 5
50	2 6
51	3 6
52	3 7
53	4 7
54	4 6
55	3 6
56	3 7
57	2 7
58	3 7
59	3 6
60	3 7
61	3 6
62	3 7
63	3 8
64	3 7
65	2 7
66	2 7
67	2 6
68	2 7
69	2 7
70	2 8
71	2 8
72	2 8
73	2 8
74	3 8
75	3 8
76	4 8
77	5 8
78	5 8
79	4 8
80	4 8
81	4 7
82	4 7
83	4 7
84	4 6
85	5 6
86	5 6
87	5 5
88	4 5
89	5 5
90	4 5
91	4 6
92	4 7
93	3 7
94	2 7
95	2 6
96	2 6
97	2 5
98	2 6
99	2 6
100	2 7
--------------------------
3:
1	3 3
2	3 3
3	2 3
4	2 4
5	2 3
6	3 3
7	3 3
8	2 3
9	2 2
10	3 2
11	4 2
12	3 2
13	3 2
14	2 2
15	2 2
16	2 2
17	2 3
18	2 3
19	2 2
20	3 2
21	4 2
22	5 2
23	5 3
24	5 3
25	5 3
26	5 3
27	6 3
28	6 4
29	6 5
30	5 5
31	5 6
32	5 6
33	4 6
34	4 7
35	4 6
36	4 5
37	4 5
38	4 6
39	5 6
40	6 6
41	6 6
42	5 6
43	5 5
44	5 6
45	5 5
46	4 5
47	4 6
48	3 6
49	4 6
50	3 6
51	3 5
52	4 5
53	4 5
54	5 5
55	5 5
56	4 5
57	4 5
58	4 5
59	5 5
60	5 5
61	4 5
62	4 6
63	5 6
64	6 6
65	6 5
66	6 6
67	6 5
68	6 6
69	6 6
70	6 6
71	6 5
72	6 4
73	6 4
74	6 5
75	5 5
76	6 5
77	5 5
78	5 5
79	5 5
80	4 5
81	4 5
82	5 5
83	5 5
84	6 5
85	6 6
86	6 6
87	6 6
88	5 6
89	5 6
90	4 6
91	5 6
92	6 6
93	6 5
94	5 5
95	5 6
96	5 6
97	5 5
98	5 5
99	5 6
100	5 6
--------------------------
4:
1	3 2
2	2 2
3	2 3
4	2 4
5	2 4
6	2 4
7	2 5
8	2 5
9	2 6
10	2 7
11	3 7
12	3 8
13	3 7
14	3 8
15	3 7
16	3 8
17	2 8
18	3 8
19	3 8
20	4 8
21	5 8
22	6 8
--------------------------
5:
1	3 3
2	3 2
3	2 2
4	2 2
5	2 2
6	2 2
7	3 2
8	4 2
9	5 2
10	5 2
11	6 2
12	6 2
13	6 3
14	6 3
15	6 4
16	6 5
17	5 5
18	4 5
19	4 6
20	4 7
21	3 7
22	2 7
23	2 8
24	3 8
25	2 8
26	2 7
27	3 7
28	3 6
29	3 5
30	3 5
31	2 5
32	2 5
33	3 5
34	3 6
35	3 7
36	3 6
37	3 5
38	3 5
39	3 5
40	3 5
41	2 5
42	2 4
43	2 4
44	2 3
45	3 3
46	3 3
47	3 2
48	4 2
49	4 2
50	4 2
51	4 2
52	5 2
53	5 2
54	6 2
55	6 3
56	6 2
57	6 2
58	6 2
59	5 2
60	5 2
61	6 2
62	6 2
63	6 2
64	6 2
65	5 2
66	6 2
67	5 2
68	5 3
69	5 3
70	6 3
71	6 3
72	6 3
73	6 3
74	6 3
75	6 3
76	6 3
77	6 3
78	6 2
79	5 2
80	4 2
81	4 2
82	4 2
83	3 2
84	4 2
85	4 2
86	3 2
87	3 3
88	3 3
89	3 2
90	4 2
91	3 2
92	3 3
93	3 2
94	3 3
95	3 3
96	3 2
97	2 2
98	3 2
99	4 2
100	4 2
--------------------------
6:
1	3 3
2	3 3
3	2 3
4	2 4
5	2 3
6	2 4
7	2 5
8	2 6
9	3 6
10	3 5
11	3 6
12	3 7
13	3 8
14	3 7
15	4 7
16	4 6
17	4 7
18	4 8
19	4 7
20	4 6
21	4 7
22	4 7
23	3 7
24	2 7
25	2 8
26	2 8
27	2 7
28	2 8
29	2 8
30	2 7
31	3 7
32	4 7
33	4 7
34	4 8
35	4 8
36	3 8
37	3 7
38	3 8
39	3 8
40	4 8
41	4 8
42	5 8
43	4 8
44	5 8
45	4 8
46	4 8
47	5 8
48	4 8
49	5 8
50	4 8
51	5 8
52	4 8
53	5 8
54	4 8
55	5 8
56	4 8
57	5 8
58	4 8
59	4 8
60	5 8
61	6 8
--------------------------
7:
1	2 3
2	2 4
3	2 3
4	2 3
5	2 4
6	2 4
7	2 3
8	3 3
9	3 2
10	3 3
11	2 3
12	3 3
13	3 3
14	3 3
15	3 3
16	3 3
17	3 2
18	4 2
19	3 2
20	3 3
21	2 3
22	2 3
23	2 4
24	2 5
25	2 4
26	2 3
27	3 3
28	3 2
29	4 2
30	3 2
31	4 2
32	3 2
33	3 2
34	2 2
35	2 2
36	2 2
37	2 2
38	2 3
39	3 3
40	2 3
41	2 2
42	2 2
43	2 2
44	2 3
45	2 2
46	2 2
47	2 2
48	2 3
49	2 3
50	2 4
51	2 5
52	2 6
53	2 6
54	2 5
55	2 6
56	3 6
57	2 6
58	2 6
59	2 6
60	2 7
61	3 7
62	3 8
63	3 8
64	4 8
65	5 8
66	5 8
67	5 8
68	4 8
69	5 8
70	4 8
71	5 8
72	4 8
73	5 8
74	5 8
75	4 8
76	5 8
77	5 8
78	4 8
79	5 8
80	6 8
--------------------------
8:
1	3 3
2	2 3
3	2 3
4	2 4
5	2 4
6	2 4
7	2 5
8	2 4
9	2 4
10	2 3
11	2 2
12	2 2
13	2 2
14	2 3
15	2 2
16	2 3
17	2 3
18	2 3
19	2 4
20	2 4
21	2 4
22	2 4
23	2 3
24	2 4
25	2 5
26	2 4
27	2 3
28	2 4
29	2 4
30	2 4
31	2 3
32	2 2
33	2 3
34	3 3
35	3 2
36	2 2
37	3 2
38	4 2
39	5 2
40	4 2
41	4 2
42	4 2
43	5 2
44	4 2
45	5 2
46	5 2
47	4 2
48	4 2
49	5 2
50	5 3
51	6 3
52	6 2
53	6 3
54	6 2
55	6 2
56	6 2
57	5 2
58	5 2
59	6 2
60	6 2
61	6 3
62	6 3
63	6 4
64	6 4
65	6 3
66	6 4
67	6 4
68	6 5
69	6 4
70	6 4
71	6 3
72	6 3
73	6 4
74	6 5
75	6 5
76	5 5
77	5 6
78	4 6
79	4 7
80	4 8
81	4 8
82	5 8
83	4 8
84	5 8
85	4 8
86	5 8
87	4 8
88	5 8
89	4 8
90	4 7
91	4 8
92	5 8
93	4 8
94	5 8
95	4 8
96	5 8
97	5 8
98	6 8
--------------------------
9:
1	3 3
2	3 2
3	4 2
4	4 2
5	4 2
6	4 2
7	4 2
8	3 2
9	4 2
10	4 2
11	4 2
12	3 2
13	3 2
14	3 3
15	2 3
16	2 3
17	2 4
18	2 4
19	2 5
20	2 5
21	2 4
22	2 4
23	2 3
24	3 3
25	3 3
26	2 3
27	2 2
28	2 2
29	2 2
30	2 2
31	2 2
32	2 2
33	3 2
34	2 2
35	2 3
36	2 2
37	2 3
38	2 2
39	2 3
40	3 3
41	3 3
42	3 3
43	3 3
44	3 3
45	3 2
46	2 2
47	2 3
48	2 4
49	2 5
50	3 5
51	2 5
52	2 6
53	2 5
54	2 5
55	2 6
56	3 6
57	3 7
58	4 7
59	4 8
60	3 8
61	2 8
62	2 7
63	2 7
64	2 6
65	2 5
66	2 6
67	3 6
68	3 7
69	4 7
70	4 8
71	4 8
72	5 8
73	4 8
74	5 8
75	4 8
76	5 8
77	4 8
78	5 8
79	4 8
80	5 8
81	4 8
82	5 8
83	4 8
84	5 8
85	4 8
86	5 8
87	5 8
88	6 8
--------------------------
10:
1	3 3
2	3 3
3	3 3
4	3 2
5	3 3
6	3 3
7	3 3
8	3 2
9	3 2
10	4 2
11	3 2
12	3 2
13	3 3
14	3 2
15	4 2
16	4 2
17	3 2
18	4 2
19	5 2
20	5 3
21	5 3
22	5 3
23	5 3
24	5 3
25	6 3
26	6 4
27	6 4
28	6 5
29	6 5
30	6 4
31	6 5
32	6 6
33	6 5
34	5 5
35	5 5
36	5 5
37	5 5
38	5 5
39	6 5
40	5 5
41	5 6
42	6 6
43	6 6
44	6 6
45	6 5
46	6 4
47	6 4
48	6 5
49	5 5
50	5 5
51	6 5
52	5 5
53	6 5
54	5 5
55	4 5
56	4 6
57	4 5
58	3 5
59	3 5
60	3 6
61	3 7
62	4 7
63	4 8
64	4 8
65	4 8
66	4 7
67	4 8
68	5 8
69	4 8
70	3 8
71	2 8
72	2 7
73	2 8
74	2 8
75	2 8
76	2 8
77	2 7
78	2 6
79	2 7
80	2 7
81	2 7
82	2 6
83	2 7
84	2 6
85	2 5
86	3 5
87	3 5
88	3 6
89	3 7
90	4 7
91	3 7
92	4 7
93	4 7
94	4 8
95	5 8
96	4 8
97	5 8
98	4 8
99	5 8
100	4 8
--------------------------
11:
1	3 3
2	3 3
3	2 3
4	2 2
5	2 2
6	2 2
7	2 2
8	2 3
9	3 3
10	3 3
11	3 3
12	2 3
13	2 3
14	2 2
15	3 2
16	4 2
17	4 2
18	3 2
19	3 2
20	4 2
21	4 2
22	4 2
23	4 2
24	5 2
25	4 2
26	3 2
27	2 2
28	3 2
29	4 2
30	5 2
31	4 2
32	5 2
33	4 2
34	3 2
35	3 3
36	3 2
37	4 2
38	5 2
39	6 2
40	5 2
41	6 2
42	6 2
43	5 2
44	5 3
45	6 3
46	6 3
47	6 4
48	6 3
49	5 3
50	5 3
51	5 3
52	6 3
53	6 2
54	5 2
55	6 2
56	6 2
57	5 2
58	4 2
59	5 2
60	5 2
61	4 2
62	5 2
63	4 2
64	4 2
65	3 2
66	3 2
67	3 3
68	2 3
69	3 3
70	3 3
71	2 3
72	2 3
73	2 4
74	2 5
75	3 5
76	4 5
77	3 5
78	3 5
79	3 5
80	3 5
81	3 5
82	4 5
83	3 5
84	3 5
85	3 5
86	4 5
87	5 5
88	5 6
89	6 6
90	6 5
91	5 5
92	5 6
93	5 6
94	5 5
95	4 5
96	4 6
97	4 5
98	4 6
99	4 7
100	4 8
--------------------------
12:
1	3 3
2	2 3
3	2 2
4	3 2
5	4 2
6	4 2
7	4 2
8	5 2
9	4 2
10	5 2
11	5 3
12	5 3
13	5 3
14	5 2
15	6 2
16	6 2
17	6 2
18	6 2
19	6 3
20	6 3
21	6 4
22	6 4
23	6 4
24	6 3
25	5 3
26	5 2
27	6 2
28	6 2
29	6 2
30	6 2
31	6 3
32	6 3
33	5 3
34	6 3
35	5 3
36	5 3
37	5 3
38	5 2
39	5 2
40	4 2
41	4 2
42	4 2
43	3 2
44	4 2
45	4 2
46	5 2
47	5 3
48	5 3
49	6 3
50	6 2
51	6 2
52	6 3
53	5 3
54	6 3
55	6 4
56	6 3
57	6 2
58	6 2
59	5 2
60	5 3
61	5 2
62	5 2
63	5 3
64	5 3
65	5 2
66	5 3
67	5 2
68	4 2
69	4 2
70	3 2
71	3 2
72	2 2
73	2 2
74	2 2
75	2 3
76	2 4
77	2 4
78	2 4
79	2 4
80	2 4
81	2 3
82	2 4
83	2 3
84	2 4
85	2 4
86	2 4
87	2 4
88	2 4
89	2 4
90	2 4
91	2 4
92	2 4
93	2 4
94	2 4
95	2 4
96	2 5
97	3 5
98	3 5
99	3 5
100	3 5
--------------------------
13:
1	3 2
2	4 2
3	3 2
4	3 2
5	3 2
6	2 2
7	2 2
8	2 3
9	2 4
10	2 4
11	2 3
12	3 3
13	3 3
14	3 3
15	2 3
16	2 4
17	2 4
18	2 4
19	2 4
20	2 4
21	2 4
22	2 5
23	3 5
24	3 5
25	3 5
26	2 5
27	2 5
28	3 5
29	3 6
30	3 7
31	4 7
32	4 8
33	5 8
34	4 8
35	5 8
36	4 8
37	5 8
38	4 8
39	3 8
40	2 8
41	3 8
42	2 8
43	3 8
44	2 8
45	3 8
46	3 7
47	3 6
48	3 5
49	3 5
50	3 5
51	3 5
52	3 5
53	4 5
54	5 5
55	5 6
56	4 6
57	4 7
58	4 8
59	4 7
60	4 8
61	5 8
62	4 8
63	4 8
64	5 8
65	4 8
66	5 8
67	4 8
68	4 8
69	5 8
70	4 8
71	5 8
72	4 8
73	5 8
74	4 8
75	3 8
76	2 8
77	3 8
78	2 8
79	2 8
80	3 8
81	2 8
82	2 8
83	2 7
84	2 7
85	2 7
86	2 6
87	2 7
88	3 7
89	4 7
90	4 8
91	5 8
92	4 8
93	5 8
94	4 8
95	5 8
96	4 8
97	5 8
98	4 8
99	3 8
100	2 8
--------------------------
14:
1	2 3
2	3 3
3	2 3
4	2 4
5	2 4
6	2 4
7	2 4
8	2 4
9	2 4
10	2 4
11	2 4
12	2 4
13	2 5
14	3 5
15	4 5
16	4 5
17	4 6
18	4 7
19	4 8
20	5 8
21	4 8
22	5 8
23	6 8
--------------------------
15:
1	3 2
2	2 2
3	2 2
4	2 3
5	2 4
6	2 5
7	3 5
8	3 5
9	3 5
10	3 5
11	3 5
12	3 5
13	3 5
14	2 5
15	3 5
16	3 5
17	4 5
18	4 6
19	4 5
20	4 6
21	3 6
22	3 7
23	4 7
24	4 8
25	5 8
26	5 8
27	4 8
28	4 7
29	4 8
30	5 8
31	4 8
32	5 8
33	4 8
34	5 8
35	4 8
36	5 8
37	5 8
38	4 8
39	4 7
40	4 8
41	3 8
42	2 8
43	3 8
44	2 8
45	3 8
46	2 8
47	3 8
48	3 7
49	2 7
50	2 8
51	2 8
52	2 7
53	3 7
54	2 7
55	3 7
56	4 7
57	4 8
58	4 8
59	5 8
60	5 8
61	4 8
62	4 8
63	3 8
64	2 8
65	3 8
66	2 8
67	2 8
68	2 8
69	2 7
70	2 6
71	2 6
72	2 6
73	3 6
74	3 5
75	3 6
76	3 7
77	3 8
78	3 7
79	4 7
80	4 8
81	4 8
82	5 8
83	5 8
84	4 8
85	5 8
86	4 8
87	4 8
88	5 8
89	4 8
90	4 7
91	4 8
92	3 8
93	2 8
94	3 8
95	2 8
96	3 8
97	2 8
98	3 8
99	2 8
100	3 8
--------------------------
16:
1	2 3
2	2 4
3	2 4
4	2 4
5	2 5
6	3 5
7	3 5
8	3 6
9	3 7
10	4 7
11	4 8
12	5 8
13	4 8
14	5 8
15	6 8
--------------------------
17:
1	2 3
2	2 4
3	2 5
4	2 5
5	2 4
6	2 4
7	2 4
8	2 4
9	2 4
10	2 4
11	2 4
12	2 4
13	2 4
14	2 4
15	2 3
16	2 4
17	2 4
18	2 4
19	2 4
20	2 4
21	2 4
22	2 5
23	2 6
24	2 6
25	2 6
26	2 5
27	3 5
28	3 5
29	3 5
30	3 6
31	3 7
32	4 7
33	4 8
34	5 8
35	4 8
36	5 8
37	4 8
38	4 7
39	4 8
40	5 8
41	4 8
42	5 8
43	5 8
44	5 8
45	4 8
46	4 7
47	4 8
48	5 8
49	5 8
50	4 8
51	5 8
52	4 8
53	3 8
54	2 8
55	3 8
56	2 8
57	2 8
58	3 8
59	2 8
60	3 8
61	2 8
62	3 8
63	3 8
64	3 7
65	4 7
66	4 8
67	5 8
68	4 8
69	5 8
70	4 8
71	3 8
72	2 8
73	3 8
74	3 7
75	2 7
76	3 7
77	4 7
78	4 8
79	5 8
80	4 8
81	4 8
82	5 8
83	4 8
84	5 8
85	4 8
86	5 8
87	4 8
88	5 8
89	4 8
90	5 8
91	4 8
92	4 7
93	4 8
94	5 8
95	4 8
96	5 8
97	4 8
98	5 8
99	4 8
100	5 8
--------------------------
18:
1	2 3
2	2 4
3	2 4
4	2 4
5	2 4
6	2 5
7	3 5
8	3 5
9	2 5
10	3 5
11	3 5
12	3 5
13	3 5
14	3 5
15	3 5
16	3 6
17	3 7
18	4 7
19	4 7
20	4 8
21	5 8
22	5 8
23	4 8
24	5 8
25	4 8
26	4 7
27	3 7
28	3 6
29	2 6
30	2 6
31	2 7
32	2 6
33	2 6
34	3 6
35	2 6
36	2 6
37	2 6
38	2 6
39	2 7
40	3 7
41	2 7
42	3 7
43	3 8
44	2 8
45	3 8
46	2 8
47	2 8
48	3 8
49	3 8
50	2 8
51	3 8
52	2 8
53	3 8
54	4 8
55	5 8
56	4 8
57	5 8
58	5 8
59	4 8
60	5 8
61	4 8
62	5 8
63	5 8
64	4 8
65	5 8
66	4 8
67	5 8
68	4 8
69	5 8
70	5 8
71	5 8
72	4 8
73	5 8
74	4 8
75	3 8
76	2 8
77	2 7
78	3 7
79	4 7
80	4 8
81	3 8
82	2 8
83	3 8
84	2 8
85	3 8
86	2 8
87	2 7
88	3 7
89	4 7
90	4 8
91	3 8
92	2 8
93	3 8
94	2 8
95	2 8
96	3 8
97	2 8
98	3 8
99	2 8
100	2 8
--------------------------
19:
1	2 3
2	2 2
3	2 3
4	2 4
5	2 5
6	3 5
7	3 6
8	3 5
9	3 5
10	3 5
11	4 5
12	4 6
13	4 7
14	4 8
15	5 8
16	4 8
17	5 8
18	4 8
19	4 7
20	4 8
21	3 8
22	2 8
23	2 8
24	3 8
25	2 8
26	3 8
27	2 8
28	3 8
29	3 8
30	2 8
31	3 8
32	2 8
33	2 8
34	3 8
35	2 8
36	3 8
37	2 8
38	2 7
39	2 6
40	2 6
41	2 6
42	2 6
43	2 6
44	2 6
45	2 6
46	2 6
47	2 6
48	2 6
49	2 6
50	2 6
51	2 6
52	2 7
53	3 7
54	4 7
55	4 8
56	4 8
57	5 8
58	4 8
59	5 8
60	4 8
61	3 8
62	2 8
63	3 8
64	2 8
65	3 8
66	2 8
67	3 8
68	2 8
69	3 8
70	3 7
71	4 7
72	4 8
73	5 8
74	4 8
75	4 8
76	5 8
77	4 8
78	5 8
79	4 8
80	3 8
81	3 8
82	3 7
83	4 7
84	4 8
85	5 8
86	4 8
87	3 8
88	2 8
89	2 7
90	2 7
91	3 7
92	4 7
93	4 6
94	3 6
95	3 7
96	4 7
97	4 8
98	3 8
99	2 8
100	2 8
--------------------------
20:
1	2 3
2	2 4
3	2 4
4	2 5
5	3 5
6	2 5
7	3 5
8	3 6
9	3 7
10	4 7
11	4 8
12	4 7
13	4 8
14	3 8
15	3 7
16	4 7
17	4 8
18	5 8
19	4 8
20	3 8
21	4 8
22	4 8
23	3 8
24	3 7
25	4 7
26	4 8
27	5 8
28	4 8
29	3 8
30	2 8
31	3 8
32	4 8
33	5 8
34	5 8
35	4 8
36	3 8
37	2 8
38	2 8
39	2 7
40	3 7
41	4 7
42	4 8
43	3 8
44	2 8
45	3 8
46	2 8
47	2 8
48	3 8
49	2 8
50	3 8
51	2 8
52	2 7
53	3 7
54	4 7
55	4 8
56	5 8
57	4 8
58	5 8
59	4 8
60	5 8
61	4 8
62	3 8
63	4 8
64	3 8
65	2 8
66	3 8
67	2 8
68	2 7
69	3 7
70	4 7
71	4 8
72	5 8
73	5 8
74	4 8
75	4 8
76	4 7
77	4 8
78	3 8
79	2 8
80	3 8
81	3 7
82	3 6
83	3 7
84	2 7
85	2 7
86	3 7
87	4 7
88	4 6
89	4 7
90	4 8
91	3 8
92	2 8
93	2 7
94	3 7
95	4 7
96	4 8
97	3 8
98	2 8
99	3 8
100	2 8
--------------------------
21:
1	2 3
2	2 4
3	2 4
4	2 4
5	2 4
6	2 4
7	2 4
8	2 4
9	2 4
10	2 3
11	2 2
12	2 3
13	2 4
14	2 4
15	2 4
16	2 4
17	2 5
18	3 5
19	3 5
20	3 5
21	3 5
22	4 5
23	4 6
24	4 7
25	4 8
26	3 8
27	4 8
28	3 8
29	2 8
30	2 7
31	3 7
32	4 7
33	4 8
34	5 8
35	4 8
36	3 8
37	2 8
38	3 8
39	4 8
40	3 8
41	3 7
42	4 7
43	4 8
44	4 7
45	4 8
46	5 8
47	4 8
48	5 8
49	4 8
50	5 8
51	4 8
52	5 8
53	4 8
54	5 8
55	5 8
56	5 8
57	5 8
58	4 8
59	3 8
60	2 8
61	3 8
62	2 8
63	2 8
64	3 8
65	3 7
66	3 8
67	3 7
68	3 8
69	4 8
70	5 8
71	4 8
72	5 8
73	4 8
74	4 8
75	4 8
76	3 8
77	4 8
78	3 8
79	2 8
80	2 7
81	3 7
82	4 7
83	4 8
84	3 8
85	2 8
86	3 8
87	4 8
88	4 7
89	4 8
90	3 8
91	2 8
92	3 8
93	2 8
94	3 8
95	2 8
96	3 8
97	2 8
98	3 8
99	3 8
100	3 7
--------------------------
22:
1	3 3
2	2 3
3	2 4
4	2 3
5	2 4
6	2 5
7	3 5
8	3 5
9	3 5
10	2 5
11	3 5
12	4 5
13	3 5
14	3 5
15	3 5
16	3 5
17	3 5
18	4 5
19	4 6
20	4 7
21	4 8
22	5 8
23	4 8
24	3 8
25	2 8
26	2 8
27	3 8
28	2 8
29	3 8
30	2 8
31	3 8
32	2 8
33	2 8
34	2 7
35	2 7
36	3 7
37	2 7
38	2 6
39	2 6
40	2 6
41	2 6
42	2 6
43	2 5
44	3 5
45	3 5
46	3 5
47	3 5
48	3 6
49	3 7
50	2 7
51	3 7
52	4 7
53	3 7
54	4 7
55	4 8
56	5 8
57	4 8
58	3 8
59	4 8
60	5 8
61	4 8
62	5 8
63	4 8
64	3 8
65	2 8
66	3 8
67	4 8
68	5 8
69	4 8
70	5 8
71	4 8
72	5 8
73	5 8
74	5 8
75	5 8
76	5 8
77	5 8
78	4 8
79	5 8
80	4 8
81	4 8
82	3 8
83	4 8
84	3 8
85	2 8
86	3 8
87	2 8
88	2 8
89	3 8
90	3 7
91	4 7
92	4 8
93	3 8
94	2 8
95	3 8
96	2 8
97	2 8
98	3 8
99	4 8
100	3 8
--------------------------
23:
1	2 3
2	2 4
3	2 4
4	2 4
5	2 4
6	2 4
7	2 4
8	2 4
9	2 5
10	2 6
11	2 6
12	2 5
13	2 5
14	3 5
15	3 5
16	3 6
17	3 7
18	4 7
19	3 7
20	2 7
21	3 7
22	3 6
23	3 7
24	4 7
25	4 8
26	4 8
27	4 7
28	4 8
29	3 8
30	2 8
31	3 8
32	2 8
33	2 7
34	3 7
35	4 7
36	4 6
37	4 7
38	4 8
39	5 8
40	5 8
41	4 8
42	3 8
43	2 8
44	2 7
45	2 7
46	2 7
47	3 7
48	4 7
49	4 8
50	4 8
51	4 8
52	3 8
53	4 8
54	3 8
55	2 8
56	2 8
57	3 8
58	2 8
59	3 8
60	2 8
61	3 8
62	2 8
63	3 8
64	2 8
65	3 8
66	3 8
67	2 8
68	2 8
69	3 8
70	2 8
71	3 8
72	2 8
73	3 8
74	3 7
75	4 7
76	4 8
77	4 7
78	3 7
79	4 7
80	4 7
81	4 8
82	5 8
83	4 8
84	3 8
85	2 8
86	3 8
87	4 8
88	4 8
89	3 8
90	2 8
91	3 8
92	2 8
93	3 8
94	2 8
95	3 8
96	2 8
97	3 8
98	2 8
99	3 8
100	3 7
--------------------------
24:
1	3 3
2	2 3
3	2 4
4	2 5
5	3 5
6	3 5
7	3 5
8	3 5
9	3 5
10	3 5
11	4 5
12	4 6
13	4 7
14	4 8
15	3 8
16	3 7
17	4 7
18	4 7
19	4 6
20	4 7
21	4 8
22	4 7
23	4 8
24	3 8
25	2 8
26	2 7
27	2 8
28	3 8
29	2 8
30	3 8
31	2 8
32	3 8
33	2 8
34	3 8
35	2 8
36	3 8
37	2 8
38	2 7
39	3 7
40	3 8
41	2 8
42	2 8
43	3 8
44	2 8
45	3 8
46	2 8
47	3 8
48	2 8
49	3 8
50	3 8
51	3 8
52	2 8
53	3 8
54	2 8
55	3 8
56	3 8
57	4 8
58	5 8
59	6 8
--------------------------
25:
1	2 3
2	2 4
3	2 4
4	2 4
5	2 4
6	2 4
7	2 4
8	2 4
9	2 4
10	2 5
11	2 6
12	2 6
13	2 5
14	3 5
15	3 5
16	4 5
17	4 6
18	4 7
19	4 7
20	4 8
21	3 8
22	3 7
23	4 7
24	3 7
25	4 7
26	4 8
27	3 8
28	3 8
29	2 8
30	3 8
31	4 8
32	5 8
33	4 8
34	5 8
35	4 8
36	5 8
37	4 8
38	5 8
39	4 8
40	4 7
41	3 7
42	4 7
43	4 8
44	5 8
45	4 8
46	5 8
47	4 8
48	3 8
49	2 8
50	3 8
51	2 8
52	3 8
53	2 8
54	3 8
55	4 8
56	5 8
57	4 8
58	5 8
59	4 8
60	5 8
61	5 8
62	4 8
63	5 8
64	4 8
65	5 8
66	6 8
--------------------------
26:
1	2 3
2	3 3
3	2 3
4	2 4
5	2 4
6	2 4
7	2 4
8	2 5
9	3 5
10	3 5
11	3 5
12	3 5
13	2 5
14	2 5
15	2 5
16	3 5
17	3 5
18	2 5
19	3 5
20	3 5
21	3 5
22	3 5
23	4 5
24	3 5
25	3 5
26	3 5
27	3 5
28	3 6
29	4 6
30	4 7
31	4 8
32	5 8
33	5 8
34	4 8
35	5 8
36	4 8
37	5 8
38	4 8
39	4 7
40	3 7
41	4 7
42	4 8
43	5 8
44	4 8
45	4 8
46	4 7
47	4 6
48	4 7
49	4 7
50	4 8
51	4 8
52	5 8
53	4 8
54	5 8
55	4 8
56	5 8
57	4 8
58	4 8
59	4 7
60	4 8
61	5 8
62	4 8
63	4 7
64	3 7
65	4 7
66	4 7
67	4 6
68	4 7
69	4 8
70	5 8
71	5 8
72	4 8
73	4 7
74	4 8
75	5 8
76	5 8
77	4 8
78	5 8
79	4 8
80	5 8
81	4 8
82	3 8
83	3 7
84	4 7
85	4 8
86	5 8
87	4 8
88	4 7
89	4 8
90	5 8
91	4 8
92	5 8
93	4 8
94	3 8
95	2 8
96	3 8
97	2 8
98	3 8
99	2 8
100	3 8
--------------------------
27:
1	3 3
2	3 2
3	4 2
4	4 2
5	5 2
6	5 2
7	5 2
8	5 2
9	6 2
10	6 2
11	6 3
12	5 3
13	6 3
14	6 2
15	6 3
16	6 2
17	5 2
18	4 2
19	3 2
20	4 2
21	3 2
22	4 2
23	3 2
24	4 2
25	3 2
26	4 2
27	4 2
28	4 2
29	3 2
30	4 2
31	4 2
32	3 2
33	3 3
34	2 3
35	2 4
36	2 4
37	2 4
38	2 4
39	2 4
40	2 4
41	2 4
42	2 4
43	2 4
44	2 5
45	3 5
46	3 5
47	2 5
48	3 5
49	2 5
50	3 5
51	3 5
52	3 5
53	2 5
54	3 5
55	3 5
56	3 5
57	3 5
58	3 5
59	2 5
60	2 6
61	2 6
62	2 6
63	2 6
64	2 7
65	3 7
66	4 7
67	4 7
68	4 8
69	5 8
70	4 8
71	5 8
72	4 8
73	5 8
74	4 8
75	5 8
76	5 8
77	4 8
78	3 8
79	3 8
80	2 8
81	3 8
82	2 8
83	2 7
84	3 7
85	4 7
86	4 7
87	3 7
88	4 7
89	4 6
90	4 7
91	4 8
92	5 8
93	6 8
--------------------------
28:
1	2 3
2	2 3
3	2 4
4	2 4
5	2 4
6	2 5
7	3 5
8	3 5
9	4 5
10	4 6
11	5 6
12	6 6
13	6 5
14	6 6
15	6 5
16	5 5
17	5 6
18	5 6
19	5 6
20	5 6
21	5 6
22	4 6
23	4 7
24	4 7
25	4 8
26	3 8
27	2 8
28	3 8
29	2 8
30	3 8
31	4 8
32	5 8
33	4 8
34	5 8
35	4 8
36	5 8
37	4 8
38	5 8
39	4 8
40	5 8
41	4 8
42	3 8
43	2 8
44	2 7
45	2 8
46	2 8
47	2 8
48	3 8
49	4 8
50	5 8
51	4 8
52	5 8
53	4 8
54	5 8
55	4 8
56	5 8
57	4 8
58	5 8
59	4 8
60	5 8
61	5 8
62	4 8
63	5 8
64	4 8
65	5 8
66	4 8
67	4 7
68	4 8
69	4 7
70	4 8
71	5 8
72	4 8
73	5 8
74	4 8
75	5 8
76	5 8
77	5 8
78	6 8
--------------------------
29:
1	3 2
2	4 2
3	3 2
4	4 2
5	4 2
6	3 2
7	4 2
8	3 2
9	4 2
10	3 2
11	3 3
12	3 2
13	4 2
14	3 2
15	4 2
16	4 2
17	4 2
18	3 2
19	4 2
20	3 2
21	4 2
22	4 2
23	3 2
24	4 2
25	3 2
26	3 3
27	3 3
28	3 3
29	2 3
30	2 4
31	2 5
32	2 4
33	2 5
34	3 5
35	3 5
36	3 5
37	3 5
38	4 5
39	4 6
40	5 6
41	5 6
42	5 6
43	4 6
44	4 7
45	4 8
46	5 8
47	5 8
48	4 8
49	4 7
50	4 6
51	4 7
52	4 8
53	5 8
54	5 8
55	4 8
56	5 8
57	4 8
58	5 8
59	4 8
60	5 8
61	4 8
62	5 8
63	4 8
64	3 8
65	3 7
66	4 7
67	4 8
68	5 8
69	4 8
70	3 8
71	2 8
72	3 8
73	2 8
74	2 7
75	3 7
76	3 8
77	2 8
78	3 8
79	2 8
80	3 8
81	2 8
82	2 7
83	2 6
84	2 6
85	2 5
86	3 5
87	3 5
88	3 5
89	3 5
90	2 5
91	2 4
92	2 4
93	2 3
94	2 4
95	2 3
96	2 4
97	2 4
98	2 4
99	2 5
100	2 5
--------------------------
30:
1	3 3
2	2 3
3	2 4
4	2 3
5	2 2
6	2 2
7	2 3
8	2 4
9	2 4
10	2 5
11	3 5
12	3 5
13	3 5
14	3 5
15	3 5
16	2 5
17	2 4
18	2 4
19	2 3
20	2 4
21	2 4
22	2 5
23	3 5
24	2 5
25	2 5
26	3 5
27	3 6
28	3 7
29	4 7
30	4 8
31	4 7
32	4 8
33	5 8
34	4 8
35	5 8
36	4 8
37	5 8
38	4 8
39	5 8
40	4 8
41	5 8
42	4 8
43	5 8
44	4 8
45	5 8
46	4 8
47	5 8
48	6 8
--------------------------
31:
1	2 3
2	2 4
3	2 4
4	2 4
5	2 4
6	2 3
7	2 4
8	2 3
9	2 4
10	2 4
11	2 4
12	2 4
13	2 4
14	2 4
15	2 4
16	2 3
17	2 4
18	2 5
19	3 5
20	3 5
21	3 5
22	3 5
23	3 5
24	3 5
25	2 5
26	3 5
27	3 5
28	3 5
29	3 5
30	3 6
31	3 7
32	4 7
33	4 7
34	4 8
35	5 8
36	6 8
--------------------------
32:
1	3 3
2	2 3
3	2 4
4	2 4
5	2 4
6	2 4
7	2 4
8	2 4
9	2 4
10	2 4
11	2 4
12	2 3
13	2 4
14	2 5
15	3 5
16	4 5
17	4 6
18	5 6
19	6 6
20	5 6
21	6 6
22	6 5
23	5 5
24	6 5
25	6 4
26	6 4
27	6 4
28	6 4
29	6 4
30	6 4
31	6 3
32	5 3
33	5 3
34	5 3
35	5 3
36	6 3
37	6 4
38	6 4
39	6 3
40	6 4
41	6 4
42	6 4
43	6 4
44	6 4
45	6 4
46	6 4
47	6 3
48	5 3
49	6 3
50	6 2
51	6 2
52	6 2
53	6 2
54	6 3
55	5 3
56	5 2
57	4 2
58	3 2
59	4 2
60	3 2
61	4 2
62	3 2
63	4 2
64	3 2
65	4 2
66	3 2
67	4 2
68	3 2
69	4 2
70	3 2
71	4 2
72	3 2
73	4 2
74	3 2
75	4 2
76	4 2
77	3 2
78	4 2
79	3 2
80	4 2
81	3 2
82	4 2
83	3 2
84	4 2
85	3 2
86	2 2
87	2 3
88	2 4
89	2 4
90	2 4
91	2 5
92	3 5
93	3 5
94	3 5
95	3 6
96	3 7
97	4 7
98	4 8
99	5 8
100	4 8
--------------------------
33:
1	3 2
2	3 3
3	3 3
4	2 3
5	2 4
6	2 4
7	2 3
8	2 4
9	2 4
10	2 4
11	2 4
12	2 4
13	2 4
14	2 4
15	2 4
16	2 4
17	2 3
18	2 4
19	2 4
20	2 5
21	3 5
22	3 5
23	3 5
24	4 5
25	4 6
26	4 7
27	4 8
28	3 8
29	2 8
30	3 8
31	2 8
32	3 8
33	2 8
34	3 8
35	3 8
36	2 8
37	2 7
38	3 7
39	4 7
40	4 8
41	5 8
42	4 8
43	5 8
44	4 8
45	5 8
46	4 8
47	5 8
48	4 8
49	3 8
50	2 8
51	3 8
52	2 8
53	2 8
54	3 8
55	4 8
56	5 8
57	4 8
58	5 8
59	4 8
60	5 8
61	4 8
62	5 8
63	4 8
64	5 8
65	4 8
66	3 8
67	2 8
68	3 8
69	2 8
70	2 7
71	3 7
72	2 7
73	3 7
74	4 7
75	3 7
76	2 7
77	2 8
78	3 8
79	2 8
80	3 8
81	2 8
82	3 8
83	2 8
84	2 7
85	3 7
86	4 7
87	4 8
88	5 8
89	4 8
90	5 8
91	4 8
92	5 8
93	6 8
--------------------------
34:
1	3 3
2	2 3
3	2 4
4	2 3
5	2 4
6	2 4
7	2 4
8	2 4
9	2 4
10	2 4
11	2 3
12	2 2
13	2 3
14	2 4
15	2 4
16	2 5
17	3 5
18	3 5
19	2 5
20	3 5
21	3 5
22	3 5
23	3 5
24	4 5
25	4 6
26	4 5
27	4 6
28	4 5
29	4 6
30	4 7
31	4 8
32	5 8
33	4 8
34	5 8
35	4 8
36	5 8
37	4 8
38	5 8
39	4 8
40	5 8
41	5 8
42	4 8
43	4 7
44	4 8
45	3 8
46	2 8
47	3 8
48	2 8
49	2 8
50	2 8
51	3 8
52	3 8
53	2 8
54	3 8
55	3 8
56	2 8
57	2 8
58	3 8
59	2 8
60	3 8
61	4 8
62	3 8
63	2 8
64	3 8
65	2 8
66	3 8
67	4 8
68	5 8
69	4 8
70	5 8
71	4 8
72	5 8
73	4 8
74	5 8
75	4 8
76	4 7
77	4 8
78	5 8
79	4 8
80	5 8
81	5 8
82	4 8
83	5 8
84	4 8
85	5 8
86	6 8
--------------------------
35:
1	2 3
2	2 4
3	2 3
4	2 4
5	2 4
6	2 3
7	2 4
8	2 4
9	2 4
10	2 4
11	2 4
12	2 4
13	2 4
14	2 4
15	2 4
16	2 4
17	2 3
18	2 2
19	2 3
20	2 4
21	2 4
22	2 4
23	2 3
24	2 4
25	2 3
26	2 4
27	2 4
28	2 3
29	2 4
30	2 4
31	2 4
32	2 4
33	2 4
34	2 4
35	2 3
36	2 4
37	2 4
38	2 3
39	2 4
40	2 4
41	2 4
42	2 4
43	2 4
44	2 4
45	2 4
46	2 4
47	2 5
48	2 6
49	2 6
50	2 6
51	2 6
52	2 6
53	2 6
54	2 6
55	2 6
56	2 6
57	2 6
58	2 6
59	2 6
60	2 5
61	3 5
62	3 5
63	3 5
64	3 5
65	3 5
66	3 5
67	3 5
68	3 5
69	3 5
70	4 5
71	4 6
72	4 7
73	4 8
74	4 7
75	4 7
76	4 6
77	4 7
78	4 8
79	5 8
80	4 8
81	5 8
82	4 8
83	5 8
84	4 8
85	4 8
86	5 8
87	5 8
88	5 8
89	4 8
90	5 8
91	4 8
92	5 8
93	4 8
94	5 8
95	5 8
96	4 8
97	4 7
98	4 8
99	5 8
100	4 8
--------------------------
36:
1	2 3
2	2 4
3	2 4
4	2 4
5	2 4
6	2 4
7	2 4
8	2 4
9	2 4
10	2 4
11	2 4
12	2 3
13	2 3
14	2 4
15	2 4
16	2 4
17	2 4
18	2 4
19	2 5
20	2 6
21	2 6
22	2 6
23	2 6
24	2 6
25	2 5
26	2 6
27	2 5
28	3 5
29	3 5
30	4 5
31	4 6
32	3 6
33	4 6
34	4 7
35	4 8
36	4 7
37	4 8
38	5 8
39	6 8
--------------------------
37:
1	2 3
2	2 4
3	2 5
4	3 5
5	3 5
6	3 6
7	3 7
8	4 7
9	4 6
10	4 7
11	4 8
12	5 8
13	4 8
14	5 8
15	4 8
16	5 8
17	5 8
18	6 8
--------------------------
38:
1	2 3
2	2 2
3	2 3
4	2 4
5	2 4
6	2 5
7	2 6
8	2 6
9	2 6
10	3 6
11	3 7
12	4 7
13	4 7
14	4 8
15	5 8
16	5 8
17	5 8
18	4 8
19	5 8
20	4 8
21	5 8
22	6 8
--------------------------
39:
1	2 3
2	2 4
3	2 5
4	3 5
5	2 5
6	2 6
7	2 5
8	3 5
9	3 5
10	4 5
11	4 6
12	3 6
13	4 6
14	4 7
15	3 7
16	4 7
17	4 6
18	4 7
19	4 8
20	5 8
21	4 8
22	5 8
23	4 8
24	5 8
25	4 8
26	3 8
27	2 8
28	3 8
29	2 8
30	3 8
31	3 8
32	3 8
33	2 8
34	2 8
35	2 8
36	3 8
37	3 7
38	4 7
39	4 8
40	5 8
41	5 8
42	5 8
43	4 8
44	5 8
45	4 8
46	5 8
47	4 8
48	5 8
49	4 8
50	5 8
51	5 8
52	4 8
53	5 8
54	4 8
55	5 8
56	4 8
57	5 8
58	4 8
59	5 8
60	4 8
61	5 8
62	4 8
63	5 8
64	6 8
--------------------------
40:
1	2 3
2	2 4
3	2 5
4	3 5
5	3 5
6	3 5
7	2 5
8	2 5
9	3 5
10	3 5
11	3 5
12	3 5
13	3 5
14	3 5
15	3 5
16	3 5
17	3 5
18	3 5
19	3 6
20	3 7
21	4 7
22	4 8
23	5 8
24	4 8
25	5 8
26	4 8
27	5 8
28	5 8
29	4 8
30	5 8
31	4 8
32	5 8
33	4 8
34	3 8
35	3 7
36	4 7
37	4 8
38	5 8
39	6 8
--------------------------
41:
1	3 3
2	3 3
3	2 3
4	2 4
5	2 4
6	2 4
7	2 4
8	2 4
9	2 5
10	3 5
11	3 5
12	2 5
13	2 5
14	3 5
15	3 5
16	3 5
17	3 5
18	2 5
19	3 5
20	3 5
21	3 5
22	3 5
23	3 5
24	3 5
25	3 5
26	3 5
27	3 5
28	3 5
29	3 5
30	3 6
31	4 6
32	4 7
33	4 8
34	3 8
35	2 8
36	3 8
37	3 7
38	3 6
39	3 7
40	3 8
41	4 8
42	4 7
43	4 8
44	5 8
45	4 8
46	5 8
47	5 8
48	4 8
49	5 8
50	5 8
51	4 8
52	5 8
53	5 8
54	4 8
55	5 8
56	4 8
57	5 8
58	4 8
59	5 8
60	4 8
61	5 8
62	4 8
63	3 8
64	2 8
65	3 8
66	2 8
67	2 8
68	3 8
69	3 7
70	4 7
71	4 8
72	5 8
73	4 8
74	5 8
75	4 8
76	4 7
77	4 8
78	5 8
79	5 8
80	4 8
81	5 8
82	5 8
83	5 8
84	4 8
85	4 7
86	4 6
87	4 7
88	4 7
89	4 8
90	5 8
91	4 8
92	5 8
93	4 8
94	5 8
95	6 8
--------------------------
42:
1	3 2
2	4 2
3	3 2
4	4 2
5	4 2
6	3 2
7	3 3
8	2 3
9	2 4
10	2 4
11	2 3
12	2 4
13	2 4
14	2 4
15	2 4
16	2 5
17	2 5
18	3 5
19	3 5
20	3 5
21	3 6
22	3 7
23	4 7
24	4 8
25	5 8
26	4 8
27	3 8
28	2 8
29	3 8
30	2 8
31	2 8
32	3 8
33	2 8
34	3 8
35	4 8
36	5 8
37	6 8
--------------------------
43:
1	2 3
2	2 3
3	2 4
4	2 4
5	2 4
6	2 4
7	2 4
8	2 3
9	3 3
10	2 3
11	2 4
12	2 4
13	2 4
14	2 4
15	2 4
16	2 3
17	2 4
18	2 5
19	3 5
20	4 5
21	4 5
22	4 6
23	4 7
24	4 8
25	5 8
26	4 8
27	5 8
28	4 8
29	5 8
30	5 8
31	4 8
32	5 8
33	5 8
34	4 8
35	5 8
36	5 8
37	4 8
38	5 8
39	4 8
40	5 8
41	4 8
42	5 8
43	6 8
--------------------------
44:
1	2 3
2	2 4
3	2 4
4	2 4
5	2 5
6	3 5
7	4 5
8	4 6
9	4 5
10	4 6
11	4 7
12	4 6
13	4 7
14	4 8
15	5 8
16	4 8
17	5 8
18	4 8
19	3 8
20	2 8
21	2 8
22	3 8
23	2 8
24	3 8
25	2 8
26	3 8
27	2 8
28	3 8
29	2 8
30	3 8
31	3 8
32	3 7
33	3 6
34	3 7
35	4 7
36	4 8
37	5 8
38	6 8
--------------------------
45:
1	3 3
2	2 3
3	2 4
4	2 4
5	2 4
6	2 4
7	2 4
8	2 4
9	2 3
10	2 4
11	2 4
12	2 4
13	2 4
14	2 5
15	3 5
16	3 6
17	3 7
18	2 7
19	3 7
20	4 7
21	4 8
22	4 7
23	4 8
24	3 8
25	2 8
26	3 8
27	3 8
28	2 8
29	3 8
30	2 8
31	3 8
32	2 8
33	3 8
34	2 8
35	3 8
36	2 8
37	2 8
38	2 8
39	3 8
40	4 8
41	5 8
42	4 8
43	5 8
44	5 8
45	4 8
46	4 8
47	5 8
48	5 8
49	4 8
50	5 8
51	4 8
52	5 8
53	4 8
54	5 8
55	4 8
56	5 8
57	4 8
58	5 8
59	5 8
60	4 8
61	5 8
62	4 8
63	5 8
64	4 8
65	5 8
66	4 8
67	5 8
68	5 8
69	4 8
70	5 8
71	4 8
72	5 8
73	4 8
74	5 8
75	5 8
76	4 8
77	5 8
78	4 8
79	5 8
80	4 8
81	4 7
82	4 8
83	5 8
84	4 8
85	5 8
86	5 8
87	4 8
88	5 8
89	4 8
90	4 8
91	5 8
92	4 8
93	5 8
94	6 8
--------------------------
46:
1	2 3
2	2 4
3	2 4
4	2 3
5	2 4
6	2 4
7	2 5
8	3 5
9	3 6
10	3 5
11	3 5
12	3 5
13	3 5
14	3 5
15	3 6
16	2 6
17	2 6
18	2 6
19	2 5
20	3 5
21	2 5
22	3 5
23	4 5
24	4 6
25	4 7
26	3 7
27	4 7
28	4 8
29	5 8
30	5 8
31	6 8
--------------------------
47:
1	2 3
2	2 4
3	2 3
4	2 4
5	2 4
6	2 4
7	2 4
8	2 3
9	2 4
10	2 4
11	2 5
12	2 4
13	2 4
14	2 4
15	2 4
16	2 3
17	2 2
18	2 3
19	2 4
20	2 3
21	2 2
22	2 3
23	2 4
24	2 4
25	2 4
26	2 4
27	2 4
28	2 4
29	2 4
30	2 4
31	2 4
32	2 4
33	2 4
34	2 4
35	2 3
36	2 4
37	2 4
38	2 4
39	2 4
40	2 4
41	2 4
42	2 4
43	2 3
44	2 4
45	2 4
46	2 3
47	2 4
48	2 3
49	2 4
50	2 4
51	2 5
52	3 5
53	3 5
54	3 5
55	3 5
56	3 5
57	3 5
58	4 5
59	4 6
60	4 7
61	4 7
62	4 6
63	4 5
64	4 6
65	4 7
66	4 7
67	3 7
68	4 7
69	4 8
70	4 8
71	5 8
72	4 8
73	5 8
74	5 8
75	4 8
76	5 8
77	5 8
78	4 8
79	5 8
80	4 8
81	4 8
82	5 8
83	5 8
84	4 8
85	5 8
86	4 8
87	5 8
88	4 8
89	5 8
90	4 8
91	5 8
92	4 8
93	4 8
94	3 8
95	2 8
96	3 8
97	3 7
98	4 7
99	4 8
100	5 8
--------------------------
48:
1	3 3
2	3 3
3	2 3
4	2 4
5	2 4
6	2 4
7	2 4
8	2 4
9	2 4
10	2 4
11	2 4
12	2 4
13	2 4
14	2 4
15	2 4
16	2 3
17	2 4
18	2 4
19	2 4
20	2 4
21	2 4
22	2 4
23	2 3
24	3 3
25	3 3
26	2 3
27	2 2
28	3 2
29	4 2
30	3 2
31	4 2
32	3 2
33	4 2
34	3 2
35	4 2
36	3 2
37	3 2
38	4 2
39	3 2
40	2 2
41	2 3
42	2 4
43	2 4
44	2 4
45	2 4
46	2 5
47	3 5
48	3 5
49	3 5
50	3 5
51	3 5
52	3 5
53	3 5
54	3 6
55	3 5
56	3 5
57	3 6
58	3 7
59	3 6
60	3 7
61	3 6
62	3 7
63	4 7
64	4 8
65	5 8
66	5 8
67	4 8
68	5 8
69	4 8
70	4 8
71	5 8
72	4 8
73	3 8
74	3 8
75	4 8
76	4 8
77	3 8
78	2 8
79	3 8
80	2 8
81	2 7
82	3 7
83	4 7
84	4 8
85	4 7
86	4 8
87	3 8
88	4 8
89	5 8
90	4 8
91	5 8
92	4 8
93	5 8
94	4 8
95	5 8
96	4 8
97	5 8
98	4 8
99	3 8
100	2 8
--------------------------
49:
1	2 3
2	2 2
3	2 3
4	2 4
5	2 3
6	3 3
7	2 3
8	2 4
9	2 4
10	2 4
11	2 4
12	2 5
13	2 6
14	2 6
15	2 6
16	2 6
17	2 6
18	2 6
19	2 6
20	2 7
21	2 6
22	2 6
23	2 6
24	2 7
25	3 7
26	3 8
27	2 8
28	2 8
29	2 7
30	3 7
31	4 7
32	4 6
33	4 7
34	4 8
35	5 8
36	5 8
37	4 8
38	5 8
39	6 8
--------------------------
50:
1	2 3
2	2 4
3	2 4
4	2 4
5	2 4
6	2 4
7	2 4
8	2 4
9	2 5
10	3 5
11	3 5
12	3 5
13	4 5
14	4 6
15	4 5
16	4 6
17	4 7
18	3 7
19	3 6
20	3 7
21	4 7
22	4 8
23	5 8
24	4 8
25	5 8
26	4 8
27	5 8
28	4 8
29	5 8
30	4 8
31	4 7
32	4 7
33	4 8
34	5 8
35	4 8
36	5 8
37	5 8
38	4 8
39	5 8
40	4 8
41	3 8
42	4 8
43	5 8
44	4 8
45	5 8
46	4 8
47	4 8
48	4 8
49	4 7
50	4 6
51	4 7
52	4 8
53	5 8
54	4 8
55	5 8
56	4 8
57	5 8
58	4 8
59	4 8
60	5 8
61	4 8
62	5 8
63	4 8
64	5 8
65	6 8
--------------------------
51:
1	2 3
2	2 4
3	2 4
4	2 5
5	3 5
6	3 5
7	3 5
8	3 5
9	3 5
10	3 5
11	3 5
12	3 5
13	4 5
14	4 5
15	4 6
16	4 7
17	4 6
18	4 5
19	4 6
20	3 6
21	3 7
22	4 7
23	4 8
24	3 8
25	2 8
26	2 8
27	3 8
28	4 8
29	5 8
30	4 8
31	5 8
32	4 8
33	4 7
34	4 8
35	3 8
36	3 8
37	2 8
38	3 8
39	4 8
40	4 8
41	4 7
42	4 8
43	4 8
44	4 8
45	5 8
46	4 8
47	5 8
48	4 8
49	4 8
50	5 8
51	4 8
52	4 8
53	5 8
54	4 8
55	5 8
56	4 8
57	4 7
58	4 8
59	5 8
60	4 8
61	5 8
62	5 8
63	4 8
64	5 8
65	4 8
66	5 8
67	5 8
68	5 8
69	4 8
70	4 8
71	5 8
72	4 8
73	5 8
74	6 8
--------------------------
52:
1	3 2
2	4 2
3	4 2
4	3 2
5	3 3
6	3 2
7	2 2
8	2 3
9	2 4
10	2 4
11	2 4
12	2 4
13	2 5
14	3 5
15	3 5
16	2 5
17	3 5
18	3 5
19	3 5
20	3 5
21	3 5
22	3 5
23	3 5
24	3 5
25	2 5
26	3 5
27	4 5
28	4 6
29	4 7
30	4 8
31	3 8
32	2 8
33	3 8
34	2 8
35	2 8
36	3 8
37	2 8
38	3 8
39	2 8
40	3 8
41	2 8
42	3 8
43	2 8
44	3 8
45	2 8
46	3 8
47	2 8
48	3 8
49	2 8
50	2 8
51	3 8
52	2 8
53	3 8
54	2 8
55	3 8
56	3 8
57	4 8
58	5 8
59	5 8
60	4 8
61	5 8
62	4 8
63	5 8
64	5 8
65	4 8
66	5 8
67	5 8
68	4 8
69	5 8
70	4 8
71	5 8
72	4 8
73	5 8
74	4 8
75	5 8
76	4 8
77	5 8
78	4 8
79	5 8
80	4 8
81	5 8
82	4 8
83	5 8
84	4 8
85	3 8
86	3 7
87	4 7
88	4 8
89	4 8
90	4 7
91	3 7
92	4 7
93	4 8
94	4 7
95	3 7
96	4 7
97	4 8
98	4 8
99	4 8
100	5 8
--------------------------
53:
1	2 3
2	2 4
3	2 4
4	2 4
5	2 4
6	2 4
7	2 3
8	3 3
9	3 2
10	3 3
11	2 3
12	2 4
13	2 3
14	2 4
15	2 4
16	2 5
17	3 5
18	3 5
19	3 5
20	3 5
21	3 5
22	3 5
23	3 5
24	3 5
25	3 5
26	3 5
27	3 6
28	3 7
29	4 7
30	4 8
31	5 8
32	4 8
33	4 8
34	5 8
35	6 8
--------------------------
54:
1	3 3
2	3 3
3	2 3
4	2 4
5	2 5
6	3 5
7	3 5
8	2 5
9	2 4
10	2 4
11	2 4
12	2 4
13	2 4
14	2 3
15	2 4
16	2 4
17	2 4
18	2 4
19	2 5
20	2 5
21	3 5
22	3 6
23	3 7
24	3 6
25	3 7
26	4 7
27	3 7
28	4 7
29	4 8
30	5 8
31	4 8
32	5 8
33	4 8
34	5 8
35	4 8
36	5 8
37	5 8
38	4 8
39	5 8
40	4 8
41	3 8
42	2 8
43	3 8
44	2 8
45	2 8
46	3 8
47	4 8
48	5 8
49	4 8
50	5 8
51	6 8
--------------------------
55:
1	2 3
2	2 3
3	2 4
4	2 5
5	3 5
6	3 5
7	3 5
8	3 5
9	3 5
10	3 6
11	3 5
12	4 5
13	4 6
14	4 7
15	4 8
16	5 8
17	6 8
--------------------------
56:
1	2 3
2	2 4
3	2 4
4	2 3
5	2 4
6	2 4
7	2 4
8	2 4
9	2 4
10	2 4
11	2 4
12	2 4
13	2 5
14	3 5
15	3 5
16	4 5
17	4 6
18	4 7
19	4 8
20	5 8
21	5 8
22	4 8
23	5 8
24	4 8
25	3 8
26	4 8
27	5 8
28	4 8
29	5 8
30	5 8
31	4 8
32	5 8
33	5 8
34	4 8
35	3 8
36	2 8
37	2 8
38	2 8
39	2 8
40	2 8
41	3 8
42	2 8
43	2 8
44	3 8
45	3 8
46	2 8
47	3 8
48	3 8
49	2 8
50	3 8
51	2 8
52	3 8
53	2 8
54	2 8
55	3 8
56	2 8
57	3 8
58	2 8
59	2 8
60	3 8
61	4 8
62	5 8
63	4 8
64	5 8
65	4 8
66	5 8
67	5 8
68	5 8
69	5 8
70	5 8
71	4 8
72	5 8
73	4 8
74	3 8
75	2 8
76	2 7
77	3 7
78	4 7
79	4 8
80	5 8
81	4 8
82	4 7
83	4 8
84	5 8
85	4 8
86	4 8
87	5 8
88	5 8
89	6 8
--------------------------
57:
1	2 3
2	3 3
3	2 3
4	2 4
5	2 4
6	2 4
7	2 4
8	2 4
9	2 4
10	2 5
11	3 5
12	4 5
13	4 6
14	4 7
15	4 6
16	4 7
17	4 8
18	5 8
19	4 8
20	5 8
21	5 8
22	4 8
23	5 8
24	4 8
25	5 8
26	4 8
27	5 8
28	5 8
29	5 8
30	6 8
--------------------------
58:
1	3 3
2	2 3
3	2 2
4	2 2
5	2 2
6	2 3
7	2 4
8	2 4
9	2 5
10	3 5
11	3 6
12	3 5
13	3 5
14	3 5
15	3 5
16	3 5
17	3 5
18	3 5
19	3 5
20	3 5
21	3 5
22	4 5
23	4 6
24	4 7
25	4 8
26	5 8
27	4 8
28	5 8
29	4 8
30	5 8
31	4 8
32	5 8
33	5 8
34	4 8
35	5 8
36	4 8
37	5 8
38	5 8
39	4 8
40	3 8
41	2 8
42	3 8
43	2 8
44	2 7
45	3 7
46	4 7
47	4 8
48	5 8
49	5 8
50	4 8
51	5 8
52	5 8
53	4 8
54	5 8
55	4 8
56	5 8
57	4 8
58	5 8
59	5 8
60	4 8
61	5 8
62	4 8
63	3 8
64	3 7
65	4 7
66	4 6
67	4 7
68	4 8
69	4 8
70	5 8
71	4 8
72	4 8
73	5 8
74	4 8
75	4 7
76	4 8
77	3 8
78	4 8
79	5 8
80	4 8
81	5 8
82	5 8
83	4 8
84	4 7
85	4 6
86	4 7
87	4 6
88	4 7
89	4 7
90	4 8
91	5 8
92	5 8
93	4 8
94	4 8
95	5 8
96	4 8
97	5 8
98	5 8
99	6 8
--------------------------
59:
1	2 3
2	2 4
3	2 4
4	2 4
5	2 4
6	2 4
7	2 4
8	2 4
9	2 3
10	3 3
11	3 3
12	2 3
13	2 4
14	2 4
15	2 4
16	2 4
17	2 4
18	2 4
19	2 4
20	2 4
21	2 4
22	2 4
23	2 4
24	2 4
25	2 5
26	2 6
27	2 6
28	2 6
29	2 6
30	2 6
31	2 7
32	2 7
33	2 7
34	3 7
35	4 7
36	4 8
37	4 8
38	5 8
39	4 8
40	5 8
41	4 8
42	5 8
43	4 8
44	5 8
45	4 8
46	5 8
47	4 8
48	5 8
49	4 8
50	4 7
51	4 8
52	5 8
53	5 8
54	5 8
55	4 8
56	5 8
57	4 8
58	4 8
59	5 8
60	4 8
61	4 7
62	3 7
63	4 7
64	4 8
65	5 8
66	4 8
67	4 8
68	4 8
69	5 8
70	4 8
71	4 8
72	5 8
73	4 8
74	3 8
75	2 8
76	3 8
77	2 8
78	3 8
79	4 8
80	5 8
81	4 8
82	4 8
83	4 7
84	4 8
85	5 8
86	4 8
87	5 8
88	4 8
89	5 8
90	6 8
--------------------------
60:
1	3 3
2	3 3
3	2 3
4	2 4
5	2 4
6	2 5
7	3 5
8	3 5
9	3 6
10	3 7
11	4 7
12	4 8
13	3 8
14	2 8
15	3 8
16	2 8
17	2 8
18	2 8
19	3 8
20	2 8
21	3 8
22	2 8
23	3 8
24	2 8
25	3 8
26	2 8
27	3 8
28	2 8
29	3 8
30	2 8
31	3 8
32	2 8
33	2 8
34	2 7
35	2 8
36	3 8
37	4 8
38	5 8
39	5 8
40	4 8
41	4 7
42	4 8
43	3 8
44	2 8
45	2 8
46	2 7
47	3 7
48	3 8
49	4 8
50	5 8
51	5 8
52	4 8
53	4 8
54	5 8
55	4 8
56	5 8
57	4 8
58	4 8
59	3 8
60	2 8
61	2 8
62	3 8
63	2 8
64	2 8
65	2 7
66	3 7
67	4 7
68	4 8
69	4 7
70	4 8
71	5 8
72	4 8
73	5 8
74	4 8
75	5 8
76	5 8
77	4 8
78	5 8
79	4 8
80	5 8
81	4 8
82	5 8
83	4 8
84	4 7
85	4 8
86	4 7
87	4 8
88	3 8
89	2 8
90	2 8
91	3 8
92	2 8
93	3 8
94	2 8
95	3 8
96	3 8
97	2 8
98	3 8
99	2 8
100	3 8
--------------------------
61:
1	2 3
2	2 4
3	2 4
4	2 4
5	2 4
6	2 4
7	2 4
8	2 4
9	2 5
10	3 5
11	3 5
12	3 5
13	3 5
14	3 5
15	4 5
16	4 5
17	4 6
18	4 7
19	4 8
20	5 8
21	5 8
22	6 8
--------------------------
62:
1	2 3
2	2 4
3	2 4
4	2 4
5	2 4
6	2 4
7	2 4
8	2 4
9	2 4
10	2 4
11	2 4
12	2 5
13	3 5
14	3 5
15	3 5
16	3 5
17	3 5
18	4 5
19	4 6
20	3 6
21	2 6
22	2 6
23	2 6
24	2 5
25	2 6
26	2 6
27	2 6
28	2 7
29	3 7
30	3 6
31	3 7
32	4 7
33	4 7
34	4 6
35	4 7
36	4 8
37	3 8
38	3 8
39	2 8
40	3 8
41	2 8
42	3 8
43	2 8
44	3 8
45	2 8
46	2 8
47	2 8
48	3 8
49	2 8
50	3 8
51	3 8
52	2 8
53	3 8
54	2 8
55	3 8
56	2 8
57	3 8
58	2 8
59	2 8
60	2 8
61	3 8
62	3 7
63	3 8
64	4 8
65	5 8
66	4 8
67	5 8
68	4 8
69	5 8
70	4 8
71	4 7
72	4 8
73	5 8
74	6 8
--------------------------
63:
1	2 3
2	2 4
3	2 5
4	3 5
5	3 5
6	3 5
7	3 5
8	3 5
9	3 6
10	3 7
11	3 6
12	3 7
13	3 8
14	2 8
15	2 8
16	3 8
17	2 8
18	2 8
19	3 8
20	2 8
21	2 8
22	3 8
23	2 8
24	2 8
25	3 8
26	2 8
27	3 8
28	2 8
29	3 8
30	2 8
31	3 8
32	3 8
33	2 8
34	2 8
35	3 8
36	3 7
37	4 7
38	4 8
39	5 8
40	4 8
41	5 8
42	4 8
43	5 8
44	5 8
45	4 8
46	4 7
47	4 8
48	5 8
49	4 8
50	5 8
51	5 8
52	5 8
53	4 8
54	5 8
55	4 8
56	5 8
57	6 8
--------------------------
64:
1	2 3
2	2 4
3	2 4
4	2 4
5	2 4
6	2 4
7	2 4
8	2 5
9	3 5
10	3 5
11	4 5
12	5 5
13	5 6
14	5 6
15	5 6
16	5 6
17	5 6
18	5 6
19	5 6
20	6 6
21	6 6
22	6 6
23	6 6
24	6 6
25	5 6
26	5 5
27	5 6
28	5 6
29	5 6
30	5 6
31	4 6
32	4 7
33	4 8
34	4 8
35	3 8
36	2 8
37	3 8
38	4 8
39	4 7
40	4 8
41	5 8
42	4 8
43	5 8
44	4 8
45	5 8
46	5 8
47	5 8
48	4 8
49	4 7
50	4 8
51	5 8
52	5 8
53	4 8
54	5 8
55	6 8
--------------------------
65:
1	2 3
2	2 4
3	2 4
4	2 4
5	2 4
6	2 4
7	2 4
8	2 4
9	2 4
10	2 4
11	2 4
12	2 4
13	2 4
14	2 5
15	3 5
16	3 5
17	4 5
18	4 6
19	4 7
20	4 6
21	4 7
22	4 8
23	4 7
24	4 8
25	5 8
26	4 8
27	5 8
28	4 8
29	5 8
30	6 8
--------------------------
66:
1	2 3
2	2 4
3	2 4
4	2 3
5	2 4
6	2 3
7	2 4
8	2 4
9	2 4
10	2 4
11	2 4
12	2 3
13	2 4
14	2 4
15	2 4
16	2 4
17	2 3
18	2 4
19	2 4
20	2 4
21	2 4
22	2 4
23	2 4
24	2 4
25	2 3
26	2 4
27	2 4
28	2 4
29	2 3
30	2 4
31	2 5
32	3 5
33	3 5
34	2 5
35	3 5
36	3 5
37	3 5
38	4 5
39	4 6
40	4 5
41	4 5
42	4 6
43	4 7
44	4 8
45	5 8
46	4 8
47	5 8
48	4 8
49	5 8
50	4 8
51	3 8
52	4 8
53	5 8
54	4 8
55	5 8
56	4 8
57	4 7
58	4 8
59	5 8
60	4 8
61	5 8
62	4 8
63	4 7
64	3 7
65	4 7
66	4 8
67	5 8
68	4 8
69	4 8
70	5 8
71	5 8
72	4 8
73	4 7
74	4 6
75	4 7
76	4 8
77	5 8
78	4 8
79	5 8
80	4 8
81	5 8
82	4 8
83	5 8
84	4 8
85	5 8
86	4 8
87	4 7
88	4 8
89	4 8
90	5 8
91	4 8
92	5 8
93	5 8
94	4 8
95	3 8
96	2 8
97	3 8
98	3 7
99	4 7
100	4 8
--------------------------
67:
1	2 3
2	2 4
3	2 4
4	2 3
5	2 4
6	2 4
7	2 3
8	2 4
9	2 3
10	2 4
11	2 4
12	2 4
13	2 4
14	2 4
15	2 4
16	2 4
17	2 4
18	2 4
19	2 4
20	2 4
21	2 4
22	2 4
23	2 4
24	2 4
25	2 4
26	2 4
27	2 4
28	2 4
29	2 5
30	3 5
31	3 5
32	2 5
33	3 5
34	2 5
35	3 5
36	3 5
37	4 5
38	4 6
39	4 7
40	4 7
41	4 7
42	4 8
43	5 8
44	5 8
45	4 8
46	5 8
47	5 8
48	6 8
--------------------------
68:
1	2 3
2	2 4
3	2 4
4	2 4
5	2 5
6	3 5
7	2 5
8	3 5
9	4 5
10	3 5
11	3 5
12	3 6
13	2 6
14	2 6
15	2 6
16	2 7
17	3 7
18	4 7
19	4 8
20	4 7
21	3 7
22	4 7
23	4 8
24	5 8
25	4 8
26	5 8
27	5 8
28	4 8
29	5 8
30	4 8
31	5 8
32	4 8
33	5 8
34	4 8
35	5 8
36	4 8
37	4 7
38	4 8
39	4 7
40	4 8
41	5 8
42	5 8
43	4 8
44	3 8
45	2 8
46	2 8
47	2 8
48	3 8
49	2 8
50	3 8
51	3 7
52	3 6
53	3 7
54	2 7
55	2 7
56	2 6
57	2 6
58	2 6
59	2 6
60	2 6
61	2 6
62	2 6
63	2 6
64	2 6
65	2 6
66	2 5
67	3 5
68	3 5
69	3 5
70	3 5
71	3 5
72	3 5
73	3 5
74	3 5
75	2 5
76	3 5
77	3 6
78	3 7
79	2 7
80	3 7
81	4 7
82	4 8
83	5 8
84	4 8
85	4 7
86	4 8
87	5 8
88	4 8
89	5 8
90	6 8
--------------------------
69:
1	3 2
2	4 2
3	3 2
4	4 2
5	5 2
6	4 2
7	4 2
8	4 2
9	3 2
10	4 2
11	3 2
12	4 2
13	3 2
14	2 2
15	2 3
16	2 2
17	2 3
18	2 4
19	2 4
20	2 4
21	2 5
22	3 5
23	3 5
24	3 5
25	3 5
26	3 5
27	3 6
28	3 5
29	3 5
30	3 5
31	3 5
32	2 5
33	3 5
34	3 5
35	2 5
36	3 5
37	3 6
38	2 6
39	2 6
40	3 6
41	3 7
42	4 7
43	4 7
44	4 8
45	5 8
46	4 8
47	5 8
48	4 8
49	5 8
50	4 8
51	5 8
52	4 8
53	5 8
54	4 8
55	4 7
56	4 8
57	4 8
58	5 8
59	4 8
60	5 8
61	4 8
62	3 8
63	2 8
64	3 8
65	2 8
66	2 7
67	3 7
68	4 7
69	4 8
70	4 8
71	5 8
72	4 8
73	5 8
74	4 8
75	5 8
76	4 8
77	5 8
78	5 8
79	4 8
80	4 8
81	5 8
82	4 8
83	5 8
84	4 8
85	3 8
86	2 8
87	3 8
88	2 8
89	2 8
90	3 8
91	2 8
92	2 7
93	3 7
94	4 7
95	4 8
96	5 8
97	4 8
98	4 7
99	4 8
100	3 8
--------------------------
70:
1	3 2
2	2 2
3	3 2
4	4 2
5	4 2
6	3 2
7	3 3
8	2 3
9	2 4
10	2 4
11	2 4
12	2 4
13	2 4
14	2 4
15	2 4
16	2 3
17	2 2
18	2 2
19	2 3
20	2 4
21	2 4
22	2 4
23	2 4
24	2 3
25	3 3
26	3 3
27	3 3
28	2 3
29	2 4
30	2 4
31	2 4
32	2 4
33	2 4
34	2 5
35	3 5
36	3 5
37	3 5
38	3 5
39	3 5
40	4 5
41	4 6
42	4 7
43	4 8
44	5 8
45	4 8
46	5 8
47	4 8
48	5 8
49	4 8
50	5 8
51	5 8
52	4 8
53	3 8
54	2 8
55	3 8
56	2 8
57	3 8
58	2 8
59	3 8
60	4 8
61	5 8
62	4 8
63	5 8
64	5 8
65	4 8
66	5 8
67	4 8
68	5 8
69	6 8
--------------------------
71:
1	2 3
2	2 4
3	2 4
4	2 4
5	2 5
6	3 5
7	2 5
8	3 5
9	3 5
10	3 5
11	3 5
12	3 5
13	3 5
14	3 5
15	2 5
16	3 5
17	3 5
18	3 5
19	3 5
20	2 5
21	3 5
22	3 5
23	3 5
24	3 5
25	3 6
26	3 7
27	4 7
28	4 8
29	3 8
30	2 8
31	3 8
32	3 7
33	3 6
34	3 7
35	4 7
36	3 7
37	2 7
38	3 7
39	4 7
40	4 7
41	3 7
42	4 7
43	4 8
44	5 8
45	4 8
46	5 8
47	4 8
48	4 7
49	4 8
50	5 8
51	5 8
52	5 8
53	4 8
54	5 8
55	4 8
56	4 8
57	5 8
58	4 8
59	4 8
60	5 8
61	4 8
62	5 8
63	5 8
64	5 8
65	4 8
66	5 8
67	4 8
68	5 8
69	4 8
70	5 8
71	6 8
--------------------------
72:
1	2 3
2	2 4
3	2 4
4	2 4
5	2 3
6	2 4
7	2 3
8	2 4
9	2 5
10	3 5
11	3 5
12	3 5
13	3 6
14	3 5
15	4 5
16	4 6
17	4 5
18	3 5
19	4 5
20	4 6
21	4 7
22	4 8
23	5 8
24	4 8
25	3 8
26	2 8
27	2 8
28	3 8
29	2 8
30	2 8
31	3 8
32	3 8
33	4 8
34	4 8
35	4 7
36	4 6
37	4 7
38	4 8
39	5 8
40	4 8
41	5 8
42	5 8
43	5 8
44	4 8
45	5 8
46	4 8
47	5 8
48	5 8
49	4 8
50	3 8
51	2 8
52	3 8
53	2 8
54	3 8
55	2 8
56	3 8
57	2 8
58	3 8
59	2 8
60	3 8
61	2 8
62	2 7
63	2 6
64	2 6
65	3 6
66	2 6
67	2 6
68	3 6
69	3 5
70	3 5
71	3 5
72	3 5
73	2 5
74	3 5
75	4 5
76	4 6
77	4 7
78	4 6
79	4 7
80	4 8
81	5 8
82	5 8
83	4 8
84	5 8
85	4 8
86	5 8
87	4 8
88	4 7
89	4 8
90	5 8
91	5 8
92	5 8
93	4 8
94	5 8
95	4 8
96	4 8
97	5 8
98	5 8
99	4 8
100	5 8
--------------------------
73:
1	2 3
2	2 4
3	2 4
4	2 4
5	2 4
6	2 4
7	2 4
8	2 4
9	2 4
10	2 5
11	3 5
12	3 5
13	3 5
14	3 5
15	3 5
16	3 6
17	3 5
18	3 5
19	3 5
20	3 5
21	2 5
22	3 5
23	3 5
24	3 6
25	3 7
26	4 7
27	4 6
28	4 7
29	4 8
30	5 8
31	5 8
32	5 8
33	4 8
34	5 8
35	4 8
36	3 8
37	2 8
38	3 8
39	2 8
40	2 8
41	2 7
42	3 7
43	4 7
44	4 8
45	5 8
46	4 8
47	5 8
48	4 8
49	5 8
50	6 8
--------------------------
74:
1	3 3
2	2 3
3	2 3
4	3 3
5	2 3
6	2 4
7	2 4
8	2 3
9	2 2
10	2 3
11	2 4
12	2 4
13	2 4
14	2 4
15	2 4
16	2 4
17	2 4
18	2 4
19	2 4
20	2 3
21	2 2
22	2 3
23	2 4
24	2 3
25	2 4
26	2 4
27	2 4
28	2 5
29	3 5
30	3 5
31	3 5
32	3 5
33	3 5
34	3 5
35	3 5
36	2 5
37	3 5
38	3 5
39	3 6
40	4 6
41	3 6
42	3 7
43	4 7
44	4 8
45	5 8
46	4 8
47	3 8
48	4 8
49	5 8
50	5 8
51	4 8
52	3 8
53	2 8
54	3 8
55	2 8
56	2 8
57	3 8
58	2 8
59	3 8
60	2 8
61	2 7
62	3 7
63	4 7
64	4 6
65	4 5
66	5 5
67	5 6
68	5 6
69	5 6
70	5 6
71	5 6
72	5 6
73	4 6
74	4 5
75	4 6
76	4 7
77	4 7
78	4 8
79	5 8
80	5 8
81	4 8
82	4 8
83	5 8
84	4 8
85	5 8
86	4 8
87	5 8
88	4 8
89	5 8
90	5 8
91	4 8
92	5 8
93	4 8
94	4 8
95	3 8
96	2 8
97	3 8
98	2 8
99	2 8
100	3 8
--------------------------
75:
1	2 3
2	2 2
3	2 2
4	2 2
5	2 3
6	2 4
7	2 4
8	2 4
9	2 4
10	2 4
11	2 4
12	2 4
13	2 4
14	2 4
15	2 4
16	2 3
17	2 3
18	2 4
19	2 4
20	2 4
21	2 4
22	2 4
23	2 4
24	2 5
25	2 4
26	2 4
27	2 4
28	2 4
29	2 5
30	2 5
31	3 5
32	3 6
33	4 6
34	4 7
35	4 8
36	5 8
37	4 8
38	5 8
39	4 8
40	5 8
41	4 8
42	5 8
43	5 8
44	4 8
45	4 7
46	4 8
47	5 8
48	4 8
49	5 8
50	4 8
51	5 8
52	4 8
53	5 8
54	4 8
55	4 8
56	5 8
57	5 8
58	4 8
59	5 8
60	4 8
61	5 8
62	4 8
63	3 8
64	2 8
65	2 7
66	3 7
67	3 6
68	3 7
69	4 7
70	4 8
71	3 8
72	2 8
73	2 8
74	3 8
75	2 8
76	3 8
77	2 8
78	3 8
79	2 8
80	2 8
81	3 8
82	3 7
83	4 7
84	4 8
85	4 7
86	4 7
87	4 8
88	5 8
89	4 8
90	5 8
91	5 8
92	4 8
93	5 8
94	4 8
95	5 8
96	4 8
97	5 8
98	6 8
--------------------------
76:
1	2 3
2	2 4
3	2 4
4	2 4
5	2 4
6	2 4
7	2 3
8	2 4
9	2 4
10	2 4
11	2 4
12	2 5
13	3 5
14	3 6
15	3 7
16	4 7
17	3 7
18	4 7
19	4 6
20	4 7
21	4 8
22	5 8
23	4 8
24	5 8
25	4 8
26	5 8
27	4 8
28	5 8
29	4 8
30	5 8
31	4 8
32	5 8
33	5 8
34	4 8
35	5 8
36	4 8
37	5 8
38	4 8
39	5 8
40	4 8
41	5 8
42	4 8
43	5 8
44	4 8
45	5 8
46	5 8
47	4 8
48	5 8
49	4 8
50	5 8
51	4 8
52	5 8
53	4 8
54	5 8
55	4 8
56	4 7
57	4 8
58	5 8
59	4 8
60	5 8
61	4 8
62	4 7
63	4 8
64	5 8
65	4 8
66	5 8
67	4 8
68	5 8
69	5 8
70	5 8
71	5 8
72	4 8
73	5 8
74	4 8
75	5 8
76	4 8
77	4 7
78	4 7
79	4 8
80	5 8
81	4 8
82	5 8
83	4 8
84	4 8
85	4 8
86	4 7
87	4 8
88	5 8
89	4 8
90	5 8
91	4 8
92	5 8
93	5 8
94	4 8
95	5 8
96	4 8
97	5 8
98	4 8
99	4 7
100	4 8
--------------------------
77:
1	3 3
2	2 3
3	2 4
4	2 4
5	2 4
6	2 4
7	2 4
8	2 3
9	2 4
10	2 4
11	2 3
12	2 4
13	2 4
14	2 4
15	2 4
16	2 5
17	3 5
18	3 5
19	3 5
20	3 5
21	3 5
22	3 5
23	3 6
24	4 6
25	4 7
26	4 8
27	4 8
28	5 8
29	4 8
30	5 8
31	4 8
32	4 7
33	4 8
34	4 7
35	4 8
36	5 8
37	4 8
38	5 8
39	4 8
40	5 8
41	6 8
--------------------------
78:
1	2 3
2	2 4
3	2 3
4	2 4
5	2 4
6	2 4
7	2 4
8	2 4
9	2 5
10	3 5
11	3 5
12	3 5
13	3 5
14	3 5
15	3 5
16	3 5
17	3 5
18	3 6
19	3 7
20	4 7
21	4 8
22	5 8
23	4 8
24	5 8
25	5 8
26	5 8
27	4 8
28	5 8
29	6 8
--------------------------
79:
1	3 2
2	4 2
3	3 2
4	4 2
5	5 2
6	6 2
7	6 2
8	6 2
9	6 2
10	6 2
11	6 2
12	6 3
13	6 2
14	6 2
15	6 2
16	5 2
17	4 2
18	3 2
19	4 2
20	3 2
21	4 2
22	3 2
23	4 2
24	3 2
25	2 2
26	2 3
27	2 2
28	2 3
29	2 4
30	2 4
31	2 4
32	2 4
33	2 4
34	2 4
35	2 4
36	2 4
37	2 4
38	2 3
39	2 4
40	2 4
41	2 4
42	2 4
43	2 4
44	2 4
45	2 3
46	2 4
47	2 4
48	2 3
49	2 4
50	2 4
51	2 4
52	2 4
53	2 4
54	2 3
55	2 4
56	2 4
57	2 4
58	2 4
59	2 5
60	3 5
61	3 5
62	3 5
63	3 5
64	2 5
65	3 5
66	3 5
67	3 6
68	3 7
69	2 7
70	3 7
71	3 6
72	3 7
73	4 7
74	4 8
75	4 8
76	5 8
77	4 8
78	5 8
79	4 8
80	3 8
81	2 8
82	3 8
83	2 8
84	3 8
85	2 8
86	3 8
87	4 8
88	5 8
89	5 8
90	4 8
91	5 8
92	4 8
93	5 8
94	4 8
95	5 8
96	5 8
97	4 8
98	3 8
99	2 8
100	3 8
--------------------------
80:
1	2 3
2	2 4
3	2 4
4	2 4
5	2 4
6	2 3
7	3 3
8	2 3
9	2 3
10	2 4
11	2 3
12	2 4
13	2 4
14	2 4
15	2 4
16	2 4
17	2 4
18	2 4
19	2 4
20	2 4
21	2 4
22	2 4
23	2 4
24	2 3
25	2 4
26	2 5
27	3 5
28	3 5
29	3 5
30	3 5
31	3 5
32	3 5
33	3 5
34	2 5
35	3 5
36	3 6
37	2 6
38	2 6
39	2 6
40	2 6
41	2 6
42	2 6
43	2 6
44	2 6
45	3 6
46	4 6
47	3 6
48	3 7
49	4 7
50	4 8
51	5 8
52	4 8
53	5 8
54	4 8
55	5 8
56	4 8
57	4 8
58	5 8
59	5 8
60	4 8
61	5 8
62	5 8
63	4 8
64	5 8
65	5 8
66	6 8
--------------------------
81:
1	3 3
2	2 3
3	2 4
4	2 4
5	2 4
6	2 4
7	2 4
8	2 3
9	2 4
10	2 4
11	2 4
12	2 4
13	2 4
14	2 3
15	3 3
16	2 3
17	2 2
18	2 2
19	2 3
20	2 3
21	3 3
22	3 2
23	4 2
24	4 2
25	4 2
26	3 2
27	4 2
28	3 2
29	4 2
30	3 2
31	4 2
32	4 2
33	3 2
34	2 2
35	3 2
36	3 3
37	2 3
38	2 4
39	2 4
40	2 4
41	2 4
42	2 4
43	2 4
44	2 5
45	2 4
46	2 3
47	2 4
48	2 3
49	2 2
50	2 2
51	2 3
52	2 2
53	3 2
54	4 2
55	3 2
56	4 2
57	3 2
58	4 2
59	3 2
60	4 2
61	3 2
62	3 2
63	4 2
64	3 2
65	4 2
66	3 2
67	4 2
68	4 2
69	3 2
70	4 2
71	3 2
72	4 2
73	3 2
74	3 3
75	3 2
76	3 2
77	4 2
78	3 2
79	4 2
80	5 2
81	4 2
82	5 2
83	4 2
84	3 2
85	4 2
86	3 2
87	4 2
88	3 2
89	3 2
90	4 2
91	3 2
92	4 2
93	3 2
94	4 2
95	3 2
96	4 2
97	3 2
98	4 2
99	3 2
100	4 2
--------------------------
82:
1	3 3
2	2 3
3	3 3
4	2 3
5	2 4
6	2 4
7	2 4
8	2 5
9	2 5
10	2 4
11	2 4
12	2 4
13	2 4
14	2 4
15	2 3
16	2 3
17	2 4
18	2 4
19	2 4
20	2 4
21	2 4
22	2 3
23	2 3
24	2 4
25	2 4
26	2 4
27	2 4
28	2 3
29	2 4
30	2 4
31	2 4
32	2 4
33	2 3
34	2 3
35	2 4
36	2 3
37	2 4
38	2 3
39	2 4
40	2 4
41	2 4
42	2 4
43	2 4
44	2 3
45	2 3
46	2 4
47	2 4
48	2 4
49	2 4
50	2 4
51	2 4
52	2 4
53	2 4
54	2 5
55	3 5
56	4 5
57	5 5
58	5 6
59	5 5
60	5 6
61	5 5
62	5 5
63	5 6
64	5 6
65	5 5
66	5 6
67	5 6
68	5 6
69	5 6
70	5 6
71	5 6
72	5 6
73	5 6
74	5 6
75	5 6
76	5 5
77	4 5
78	3 5
79	4 5
80	4 6
81	4 7
82	4 8
83	5 8
84	4 8
85	4 8
86	3 8
87	2 8
88	3 8
89	2 8
90	3 8
91	2 8
92	3 8
93	2 8
94	2 7
95	3 7
96	4 7
97	4 8
98	5 8
99	4 8
100	4 8
--------------------------
83:
1	2 3
2	2 4
3	2 5
4	3 5
5	2 5
6	3 5
7	4 5
8	3 5
9	2 5
10	3 5
11	3 5
12	3 5
13	3 6
14	3 7
15	4 7
16	4 8
17	3 8
18	2 8
19	3 8
20	2 8
21	3 8
22	2 8
23	3 8
24	2 8
25	3 8
26	2 8
27	2 8
28	3 8
29	2 8
30	2 7
31	3 7
32	3 6
33	3 5
34	3 5
35	3 5
36	3 5
37	3 6
38	3 7
39	3 6
40	3 7
41	4 7
42	4 8
43	5 8
44	4 8
45	3 8
46	4 8
47	4 7
48	4 8
49	5 8
50	4 8
51	4 8
52	5 8
53	4 8
54	5 8
55	5 8
56	5 8
57	6 8
--------------------------
84:
1	2 3
2	2 4
3	2 5
4	3 5
5	3 5
6	2 5
7	3 5
8	3 6
9	3 7
10	4 7
11	4 8
12	3 8
13	2 8
14	3 8
15	2 8
16	2 8
17	3 8
18	2 8
19	2 8
20	3 8
21	2 8
22	3 8
23	2 8
24	3 8
25	2 8
26	3 8
27	2 8
28	3 8
29	2 8
30	3 8
31	2 8
32	2 8
33	3 8
34	2 8
35	2 8
36	3 8
37	2 8
38	3 8
39	2 8
40	3 8
41	2 8
42	3 8
43	2 8
44	3 8
45	2 8
46	2 8
47	3 8
48	2 8
49	2 7
50	2 8
51	3 8
52	3 7
53	4 7
54	4 6
55	4 7
56	4 8
57	4 7
58	4 8
59	5 8
60	6 8
--------------------------
85:
1	2 3
2	2 4
3	2 5
4	3 5
5	3 5
6	3 5
7	3 5
8	3 5
9	3 5
10	4 5
11	4 6
12	4 5
13	4 5
14	4 5
15	4 6
16	4 7
17	4 8
18	5 8
19	6 8
--------------------------
86:
1	3 3
2	2 3
3	3 3
4	3 2
5	4 2
6	3 2
7	4 2
8	3 2
9	4 2
10	3 2
11	4 2
12	3 2
13	3 3
14	2 3
15	2 4
16	2 5
17	3 5
18	3 6
19	3 7
20	4 7
21	4 8
22	5 8
23	5 8
24	6 8
--------------------------
87:
1	2 3
2	2 2
3	2 3
4	2 4
5	2 5
6	3 5
7	3 5
8	3 5
9	3 5
10	3 5
11	3 5
12	3 5
13	3 5
14	3 5
15	3 5
16	2 5
17	3 5
18	3 6
19	3 7
20	2 7
21	3 7
22	4 7
23	4 8
24	5 8
25	4 8
26	5 8
27	4 8
28	5 8
29	5 8
30	6 8
--------------------------
88:
1	2 3
2	2 4
3	2 4
4	2 5
5	3 5
6	3 5
7	2 5
8	3 5
9	3 5
10	3 5
11	3 5
12	3 5
13	4 5
14	4 6
15	3 6
16	3 7
17	3 8
18	2 8
19	2 8
20	2 7
21	3 7
22	2 7
23	2 7
24	3 7
25	3 8
26	2 8
27	3 8
28	2 8
29	3 8
30	3 8
31	2 8
32	3 8
33	4 8
34	4 8
35	5 8
36	4 8
37	3 8
38	2 8
39	2 8
40	3 8
41	2 8
42	2 8
43	2 7
44	3 7
45	2 7
46	3 7
47	4 7
48	4 8
49	5 8
50	4 8
51	5 8
52	5 8
53	4 8
54	4 8
55	3 8
56	3 7
57	4 7
58	4 8
59	5 8
60	4 8
61	5 8
62	4 8
63	5 8
64	4 8
65	5 8
66	4 8
67	5 8
68	4 8
69	4 7
70	4 8
71	5 8
72	4 8
73	4 7
74	4 8
75	5 8
76	4 8
77	3 8
78	2 8
79	3 8
80	2 8
81	2 7
82	3 7
83	4 7
84	4 8
85	5 8
86	6 8
--------------------------
89:
1	2 3
2	2 4
3	2 5
4	3 5
5	3 5
6	3 5
7	3 5
8	3 6
9	3 7
10	4 7
11	4 8
12	5 8
13	4 8
14	5 8
15	4 8
16	5 8
17	5 8
18	4 8
19	5 8
20	4 8
21	5 8
22	4 8
23	5 8
24	5 8
25	4 8
26	4 8
27	5 8
28	4 8
29	4 8
30	5 8
31	4 8
32	5 8
33	4 8
34	5 8
35	6 8
--------------------------
90:
1	2 3
2	2 4
3	2 3
4	2 3
5	2 4
6	2 5
7	3 5
8	3 5
9	3 5
10	4 5
11	4 5
12	4 6
13	4 5
14	3 5
15	3 5
16	3 6
17	3 7
18	4 7
19	4 8
20	5 8
21	4 8
22	5 8
23	4 8
24	5 8
25	4 8
26	5 8
27	4 8
28	4 7
29	4 7
30	4 7
31	4 8
32	5 8
33	5 8
34	4 8
35	5 8
36	4 8
37	3 8
38	2 8
39	2 7
40	2 8
41	3 8
42	2 8
43	2 7
44	3 7
45	4 7
46	4 8
47	5 8
48	4 8
49	5 8
50	4 8
51	4 8
52	3 8
53	4 8
54	5 8
55	4 8
56	5 8
57	4 8
58	5 8
59	4 8
60	4 8
61	4 8
62	4 8
63	5 8
64	5 8
65	4 8
66	5 8
67	4 8
68	3 8
69	2 8
70	3 8
71	3 7
72	4 7
73	3 7
74	2 7
75	3 7
76	4 7
77	4 8
78	4 8
79	5 8
80	4 8
81	5 8
82	4 8
83	5 8
84	4 8
85	5 8
86	4 8
87	3 8
88	2 8
89	3 8
90	4 8
91	5 8
92	4 8
93	5 8
94	4 8
95	5 8
96	4 8
97	5 8
98	5 8
99	4 8
100	5 8
--------------------------
91:
1	2 3
2	2 4
3	2 5
4	3 5
5	3 5
6	3 5
7	3 5
8	3 5
9	3 5
10	4 5
11	3 5
12	3 5
13	3 5
14	3 5
15	3 5
16	3 5
17	4 5
18	4 6
19	4 7
20	4 8
21	3 8
22	2 8
23	2 8
24	3 8
25	2 8
26	2 8
27	3 8
28	2 8
29	3 8
30	4 8
31	5 8
32	5 8
33	5 8
34	5 8
35	4 8
36	5 8
37	4 8
38	5 8
39	4 8
40	3 8
41	4 8
42	4 7
43	4 8
44	5 8
45	4 8
46	3 8
47	2 8
48	3 8
49	2 8
50	3 8
51	4 8
52	5 8
53	4 8
54	5 8
55	6 8
--------------------------
92:
1	2 3
2	3 3
3	2 3
4	2 4
5	2 3
6	2 4
7	2 5
8	3 5
9	2 5
10	2 4
11	2 5
12	3 5
13	2 5
14	2 4
15	2 5
16	2 4
17	2 5
18	2 6
19	2 7
20	3 7
21	2 7
22	3 7
23	4 7
24	3 7
25	4 7
26	4 6
27	5 6
28	5 6
29	5 5
30	6 5
31	6 5
32	6 4
33	6 3
34	6 4
35	6 3
36	5 3
37	6 3
38	5 3
39	6 3
40	6 3
41	6 4
42	6 5
43	6 4
44	6 5
45	6 5
46	6 4
47	6 5
48	6 4
49	6 5
50	6 6
51	6 6
52	6 6
53	6 6
54	6 6
55	6 5
56	6 4
57	6 5
58	6 5
59	5 5
60	5 6
61	5 5
62	5 5
63	5 6
64	6 6
65	6 6
66	6 5
67	6 4
68	6 5
69	6 4
70	6 3
71	6 2
72	5 2
73	4 2
74	4 2
75	4 2
76	3 2
77	4 2
78	4 2
79	3 2
80	4 2
81	3 2
82	2 2
83	2 3
84	2 4
85	2 5
86	2 5
87	2 5
88	3 5
89	3 5
90	3 5
91	3 5
92	3 5
93	3 5
94	3 5
95	3 5
96	3 5
97	3 5
98	4 5
99	4 6
100	4 7
--------------------------
93:
1	3 3
2	2 3
3	2 4
4	2 5
5	3 5
6	3 5
7	3 5
8	3 5
9	3 6
10	3 7
11	2 7
12	3 7
13	2 7
14	3 7
15	4 7
16	4 8
17	5 8
18	4 8
19	5 8
20	4 8
21	3 8
22	4 8
23	5 8
24	4 8
25	5 8
26	5 8
27	6 8
--------------------------
94:
1	2 3
2	3 3
3	2 3
4	2 2
5	2 3
6	2 3
7	2 2
8	2 3
9	2 2
10	3 2
11	4 2
12	3 2
13	3 3
14	2 3
15	2 2
16	2 3
17	3 3
18	2 3
19	2 4
20	2 4
21	2 5
22	3 5
23	2 5
24	3 5
25	4 5
26	4 6
27	5 6
28	5 6
29	5 6
30	5 6
31	5 6
32	5 6
33	5 6
34	5 6
35	6 6
36	6 6
37	6 6
38	6 6
39	6 6
40	6 6
41	6 6
42	6 6
43	6 6
44	6 6
45	6 6
46	6 6
47	5 6
48	5 6
49	5 6
50	5 6
51	6 6
52	6 6
53	6 6
54	6 6
55	6 6
56	6 6
57	6 6
58	6 6
59	6 6
60	6 6
61	6 6
62	6 6
63	6 6
64	6 6
65	6 6
66	6 6
67	6 5
68	6 4
69	6 5
70	6 6
71	5 6
72	6 6
73	6 6
74	6 6
75	6 6
76	6 6
77	6 6
78	5 6
79	5 6
80	6 6
81	6 5
82	5 5
83	5 5
84	5 6
85	5 6
86	4 6
87	4 7
88	4 8
89	4 8
90	3 8
91	3 7
92	4 7
93	4 7
94	4 8
95	5 8
96	4 8
97	5 8
98	4 8
99	5 8
100	4 8
--------------------------
95:
1	3 3
2	2 3
3	2 4
4	2 5
5	3 5
6	3 5
7	3 5
8	4 5
9	4 6
10	5 6
11	5 5
12	5 6
13	5 6
14	4 6
15	3 6
16	3 7
17	2 7
18	2 8
19	3 8
20	4 8
21	5 8
22	4 8
23	5 8
24	6 8
--------------------------
96:
1	2 3
2	2 3
3	2 4
4	2 5
5	2 6
6	2 7
7	2 6
8	2 6
9	2 6
10	2 5
11	2 4
12	2 5
13	3 5
14	3 5
15	3 5
16	2 5
17	3 5
18	3 5
19	3 5
20	3 5
21	3 5
22	3 5
23	4 5
24	4 6
25	4 7
26	4 8
27	5 8
28	6 8
--------------------------
97:
1	2 3
2	2 4
3	2 5
4	3 5
5	3 6
6	3 7
7	4 7
8	4 8
9	5 8
10	4 8
11	4 7
12	4 8
13	5 8
14	4 8
15	3 8
16	2 8
17	2 7
18	3 7
19	4 7
20	4 8
21	5 8
22	4 8
23	5 8
24	4 8
25	5 8
26	4 8
27	4 8
28	5 8
29	4 8
30	5 8
31	4 8
32	5 8
33	6 8
--------------------------
98:
1	2 3
2	2 3
3	2 4
4	2 5
5	2 4
6	2 5
7	3 5
8	4 5
9	4 6
10	4 5
11	3 5
12	3 5
13	3 5
14	3 5
15	3 6
16	3 7
17	3 8
18	3 7
19	4 7
20	4 8
21	3 8
22	2 8
23	3 8
24	2 8
25	3 8
26	2 8
27	3 8
28	2 8
29	3 8
30	2 8
31	3 8
32	2 8
33	3 8
34	3 8
35	2 8
36	2 7
37	2 6
38	2 6
39	2 6
40	2 6
41	2 6
42	2 6
43	2 5
44	3 5
45	3 5
46	3 5
47	3 5
48	3 5
49	3 5
50	3 5
51	3 5
52	3 5
53	3 5
54	3 5
55	3 5
56	3 5
57	3 5
58	3 5
59	3 5
60	3 5
61	3 6
62	3 7
63	4 7
64	4 8
65	3 8
66	2 8
67	3 8
68	2 8
69	3 8
70	2 8
71	3 8
72	2 8
73	3 8
74	2 8
75	2 7
76	3 7
77	4 7
78	4 7
79	4 8
80	4 8
81	3 8
82	2 8
83	3 8
84	2 8
85	3 8
86	2 8
87	2 8
88	3 8
89	2 8
90	3 8
91	2 8
92	3 8
93	2 8
94	3 8
95	3 8
96	3 8
97	2 8
98	3 8
99	3 7
100	4 7
--------------------------
99:
1	3 3
2	3 3
3	2 3
4	2 4
5	2 5
6	2 6
7	2 6
8	2 6
9	2 6
10	3 6
11	3 7
12	3 8
13	2 8
14	3 8
15	2 8
16	2 7
17	3 7
18	4 7
19	4 8
20	5 8
21	4 8
22	5 8
23	5 8
24	4 8
25	5 8
26	4 8
27	5 8
28	4 8
29	5 8
30	4 8
31	4 8
32	5 8
33	4 8
34	3 8
35	4 8
36	5 8
37	4 8
38	5 8
39	6 8
--------------------------
100:
1	3 3
2	3 2
3	3 2
4	4 2
5	3 2
6	3 2
7	4 2
8	4 2
9	3 2
10	4 2
11	3 2
12	4 2
13	3 2
14	4 2
15	5 2
16	4 2
17	3 2
18	4 2
19	3 2
20	4 2
21	3 2
22	4 2
23	3 2
24	4 2
25	3 2
26	4 2
27	4 2
28	3 2
29	4 2
30	3 2
31	2 2
32	2 3
33	2 4
34	2 5
35	3 5
36	3 5
37	3 6
38	3 7
39	4 7
40	4 8
41	5 8
42	4 8
43	5 8
44	5 8
45	5 8
46	4 8
47	5 8
48	5 8
49	4 8
50	5 8
51	4 8
52	5 8
53	4 8
54	5 8
55	4 8
56	3 8
57	2 8
58	3 8
59	2 8
60	3 8
61	3 7
62	4 7
63	4 8
64	5 8
65	4 8
66	4 8
67	5 8
68	6 8
