--------------------------
1:
1	4 4
2	4 4
3	3 6
4	3 6
5	4 8
6	6 9
7	4 8
8	4 8
9	4 8
10	4 8
11	3 6
12	3 6
13	4 8
14	4 8
15	4 8
16	6 7
17	5 9
18	6 7
19	6 7
20	5 9
21	4 7
22	5 9
23	5 9
24	5 9
25	5 9
26	5 9
27	5 9
28	3 8
29	3 8
30	3 8
31	3 8
32	3 8
33	5 9
34	4 7
35	4 7
36	3 5
37	3 5
38	3 5
39	3 5
40	4 3
41	4 3
42	4 3
43	4 3
44	3 5
45	3 5
46	3 5
47	3 5
48	4 3
49	4 3
50	4 3
51	4 3
52	3 5
53	4 7
54	3 9
55	4 7
56	3 9
57	3 9
58	3 9
59	3 9
60	5 8
61	6 6
62	6 6
63	6 6
64	6 6
65	6 6
66	4 7
67	5 9
68	4 7
69	3 9
70	4 7
71	5 9
72	5 9
73	5 9
74	5 9
75	5 9
76	5 9
77	4 7
78	4 7
79	4 7
80	4 7
81	5 9
82	5 9
83	3 8
84	5 7
85	5 7
86	6 9
87	6 9
88	7 7
89	7 7
90	7 7
91	7 7
92	7 7
93	6 9
94	6 9
95	6 9
96	7 7
97	5 6
98	4 4
99	4 4
100	4 4
--------------------------
2:
1	4 4
2	3 6
3	5 7
4	5 7
5	7 6
6	7 6
7	7 6
8	7 6
9	6 4
10	5 6
11	3 7
12	3 7
13	3 7
14	3 7
15	4 9
16	4 9
17	3 7
18	4 9
19	4 9
20	4 9
21	4 9
22	4 9
23	5 7
24	4 9
25	3 7
26	4 9
27	4 9
28	3 7
29	3 7
30	4 9
31	3 7
32	3 7
33	3 7
34	3 7
35	3 7
36	4 9
37	4 9
38	4 9
39	4 9
40	4 9
41	4 9
42	5 7
43	5 7
44	5 7
45	5 7
46	5 7
47	7 6
48	7 6
49	7 6
50	7 6
51	7 6
52	6 4
53	4 3
54	4 3
55	3 5
56	4 3
57	4 3
58	4 3
59	4 3
60	4 3
61	4 3
62	4 3
63	4 3
64	4 3
65	4 3
66	6 4
67	6 4
68	6 4
69	6 4
70	7 6
71	5 7
72	5 7
73	4 9
74	4 9
75	3 7
76	3 7
77	3 7
78	5 6
79	7 5
80	6 3
81	7 5
82	7 5
83	7 5
84	7 5
85	7 5
86	7 5
87	5 6
88	3 7
89	3 7
90	3 7
91	3 7
92	4 9
93	5 7
94	5 7
95	4 9
96	4 9
97	4 9
98	3 7
99	3 7
100	4 9
--------------------------
3:
1	5 6
2	6 4
3	6 4
4	4 3
5	3 5
6	3 5
7	3 5
8	3 5
9	3 5
10	3 5
11	3 5
12	4 7
13	5 9
14	3 8
15	5 9
16	6 7
17	5 9
18	5 9
19	3 8
20	5 7
21	5 7
22	6 9
23	7 7
24	7 7
25	7 7
26	6 9
27	5 7
28	5 7
29	6 9
30	7 7
31	7 7
32	7 7
33	5 8
34	4 6
35	4 6
36	3 4
37	3 4
38	4 6
39	4 6
40	5 8
41	5 8
42	6 6
43	6 6
44	6 6
45	6 6
46	6 6
47	6 6
48	5 8
49	3 7
50	4 9
51	4 9
52	4 9
53	4 9
54	4 9
55	4 9
56	4 9
57	4 9
58	4 9
59	3 7
60	3 7
61	3 7
62	3 7
63	3 7
64	3 7
65	4 9
66	4 9
67	4 9
68	3 7
69	4 9
70	4 9
71	5 7
72	6 9
73	7 7
74	7 7
75	5 6
76	3 7
77	3 7
78	3 7
79	3 7
80	4 9
81	4 9
82	3 7
83	3 7
84	3 7
85	3 7
86	3 7
87	4 9
88	5 7
89	5 7
90	4 9
91	4 9
92	4 9
93	5 7
94	7 6
95	6 4
96	6 4
97	5 6
98	4 8
99	4 8
100	5 6
--------------------------
4:
1	4 4
2	5 6
3	7 7
4	7 7
5	6 9
6	6 9
7	7 7
8	7 7
9	7 7
10	5 8
11	5 8
12	6 6
13	6 6
14	6 6
15	7 4
16	7 4
17	7 4
18	7 4
19	6 6
20	6 6
21	6 6
22	5 8
23	3 7
24	4 9
25	4 9
26	5 7
27	5 7
28	6 9
29	6 9
30	4 8
31	4 8
32	4 8
33	4 8
34	4 8
35	6 9
36	6 9
37	4 8
38	4 8
39	5 6
40	5 6
41	3 5
42	4 3
43	3 5
44	3 5
45	4 7
46	5 9
47	5 9
48	5 9
49	3 8
50	3 8
51	3 8
52	5 9
53	4 7
54	5 9
55	5 9
56	5 9
57	3 8
58	3 8
59	3 8
60	4 6
61	3 8
62	3 8
63	3 8
64	3 8
65	3 8
66	3 8
67	3 8
68	3 8
69	4 6
70	5 8
71	4 6
72	4 6
73	4 6
74	5 8
75	6 6
76	5 8
77	4 6
78	5 8
79	5 8
80	6 6
81	6 6
82	6 6
83	5 8
84	7 7
85	7 7
86	7 7
87	7 7
88	7 7
89	6 9
90	6 9
91	6 9
92	6 9
93	6 9
94	7 7
95	6 9
96	5 7
97	5 7
98	5 7
99	6 9
100	6 9
--------------------------
5:
1	4 4
2	6 3
3	6 3
4	6 3
5	6 3
6	4 4
7	4 4
8	5 6
9	7 5
10	7 5
11	6 7
12	4 6
13	5 8
14	3 9
15	3 9
16	5 8
17	4 6
18	5 8
19	5 8
20	5 8
21	7 7
22	7 7
23	7 7
24	5 8
25	6 6
26	6 6
27	5 8
28	5 8
29	4 6
30	4 6
31	5 8
32	5 8
33	5 8
34	5 8
35	4 6
36	4 6
37	4 6
38	4 6
39	6 7
40	7 9
--------------------------
6:
1	4 4
2	5 6
3	4 4
4	4 4
5	4 4
6	4 4
7	3 6
8	3 6
9	5 7
10	3 6
11	3 6
12	4 8
13	3 6
14	3 6
15	3 6
16	3 6
17	3 6
18	4 8
19	5 6
20	7 5
21	7 5
22	7 5
23	6 3
24	7 5
25	6 7
26	5 9
27	5 9
28	5 9
29	5 9
30	5 9
31	5 9
32	4 7
33	5 9
34	3 8
35	5 9
36	5 9
37	5 9
38	4 7
39	3 9
40	4 7
41	3 5
42	3 5
43	3 5
44	3 5
45	3 5
46	4 3
47	6 4
48	5 6
49	3 5
50	3 5
51	5 6
52	3 5
53	4 3
54	4 3
55	4 3
56	4 3
57	4 3
58	4 3
59	4 3
60	4 3
61	3 5
62	4 3
63	4 3
64	3 5
65	3 5
66	4 3
67	4 3
68	4 3
69	4 3
70	3 5
71	3 5
72	5 6
73	4 4
74	5 6
75	5 6
76	6 4
77	6 4
78	5 6
79	6 4
80	5 6
81	6 4
82	6 4
83	5 6
84	7 5
85	6 7
86	7 9
--------------------------
7:
1	4 4
2	4 4
3	4 4
4	3 6
5	5 7
6	5 7
7	6 9
8	6 9
9	5 7
10	4 9
11	3 7
12	3 7
13	3 7
14	3 7
15	3 7
16	3 7
17	3 7
18	4 9
19	4 9
20	4 9
21	3 7
22	4 9
23	4 9
24	4 9
25	4 9
26	4 9
27	4 9
28	3 7
29	3 7
30	4 9
31	4 9
32	4 9
33	4 9
34	5 7
35	5 7
36	3 6
37	4 4
38	3 6
39	5 7
40	3 8
41	5 9
42	5 9
43	4 7
44	3 9
45	5 8
46	5 8
47	5 8
48	7 7
49	6 9
50	6 9
51	5 7
52	7 6
53	7 6
54	6 4
55	6 4
56	6 4
57	6 4
58	6 4
59	6 4
60	5 6
61	7 5
62	6 3
63	6 3
64	6 3
65	6 3
66	6 3
67	6 3
68	6 3
69	6 3
70	6 3
71	7 5
72	7 5
73	7 5
74	6 7
75	7 9
--------------------------
8:
1	4 4
2	5 6
3	4 8
4	3 6
5	5 7
6	5 7
7	6 9
8	4 8
9	3 6
10	3 6
11	3 6
12	3 6
13	5 7
14	6 9
15	6 9
16	5 7
17	4 9
18	3 7
19	4 9
20	3 7
21	4 9
22	4 9
23	4 9
24	4 9
25	3 7
26	3 7
27	3 7
28	3 7
29	4 9
30	3 7
31	4 9
32	4 9
33	4 9
34	4 9
35	5 7
36	5 7
37	3 8
38	3 8
39	3 8
40	4 6
41	3 4
42	3 4
43	3 4
44	3 4
45	4 6
46	4 6
47	4 6
48	3 8
49	3 8
50	3 8
51	3 8
52	3 8
53	3 8
54	3 8
55	3 8
56	3 8
57	3 8
58	3 8
59	5 9
60	5 9
61	4 7
62	4 7
63	3 5
64	3 5
65	5 6
66	3 5
67	3 5
68	5 6
69	7 5
70	7 5
71	5 6
72	3 7
73	3 7
74	3 7
75	3 7
76	3 7
77	3 7
78	3 7
79	5 8
80	6 6
81	6 6
82	5 8
83	5 8
84	7 7
85	7 7
86	7 7
87	7 7
88	5 6
89	3 7
90	3 7
91	3 7
92	3 7
93	4 9
94	3 7
95	5 6
96	7 5
97	6 7
98	7 9
--------------------------
9:
1	5 6
2	4 4
3	5 6
4	7 5
5	7 5
6	6 7
7	7 9
--------------------------
10:
1	5 6
2	3 5
3	3 5
4	5 6
5	7 5
6	7 5
7	6 7
8	7 9
--------------------------
11:
1	4 4
2	4 4
3	4 4
4	4 4
5	4 4
6	4 4
7	3 6
8	4 8
9	3 6
10	3 6
11	3 6
12	3 6
13	3 6
14	4 8
15	4 8
16	4 8
17	3 6
18	3 6
19	3 6
20	4 4
21	5 6
22	7 5
23	5 6
24	6 4
25	5 6
26	7 5
27	6 7
28	6 7
29	5 9
30	5 9
31	6 7
32	6 7
33	7 9
--------------------------
12:
1	3 6
2	4 4
3	4 4
4	4 4
5	5 6
6	6 4
7	5 6
8	7 5
9	6 7
10	6 7
11	7 9
--------------------------
13:
1	4 4
2	5 6
3	7 5
4	7 5
5	7 5
6	6 7
7	5 9
8	6 7
9	7 9
--------------------------
14:
1	5 6
2	3 5
3	5 6
4	7 7
5	5 6
6	7 5
7	7 5
8	7 5
9	6 7
10	7 9
--------------------------
15:
1	5 6
2	7 5
3	6 7
4	4 6
5	4 6
6	3 8
7	3 8
8	3 8
9	5 9
10	5 9
11	6 7
12	6 7
13	7 9
--------------------------
16:
1	4 4
2	4 4
3	5 6
4	3 7
5	5 6
6	3 5
7	3 5
8	5 6
9	7 5
10	6 7
11	4 8
12	4 8
13	4 8
14	5 6
15	7 5
16	6 7
17	7 9
--------------------------
17:
1	3 6
2	4 4
3	5 6
4	7 7
5	7 7
6	5 6
7	3 7
8	5 6
9	7 7
10	7 7
11	5 6
12	5 6
13	3 7
14	4 9
15	3 7
16	5 6
17	3 7
18	4 9
19	3 7
20	5 6
21	7 5
22	7 5
23	6 7
24	7 9
--------------------------
18:
1	5 6
2	4 8
3	5 6
4	5 6
5	7 5
6	7 5
7	7 5
8	7 5
9	5 6
10	7 7
11	5 6
12	7 5
13	6 7
14	4 6
15	3 8
16	3 8
17	3 8
18	3 8
19	3 8
20	5 9
21	5 9
22	6 7
23	6 7
24	7 9
--------------------------
19:
1	5 6
2	4 8
3	4 8
4	3 6
5	4 4
6	5 6
7	7 5
8	6 7
9	7 9
--------------------------
20:
1	5 6
2	4 4
3	4 4
4	4 4
5	5 6
6	7 5
7	7 5
8	7 5
9	6 7
10	7 9
--------------------------
21:
1	5 6
2	7 5
3	7 5
4	6 7
5	5 9
6	5 9
7	4 7
8	3 5
9	5 6
10	7 5
11	7 5
12	7 5
13	6 7
14	7 9
--------------------------
22:
1	4 4
2	4 4
3	5 6
4	7 5
5	6 7
6	7 9
--------------------------
23:
1	5 6
2	7 5
3	7 5
4	7 5
5	6 7
6	5 9
7	6 7
8	7 9
--------------------------
24:
1	5 6
2	4 8
3	4 8
4	6 9
5	6 9
6	5 7
7	5 7
8	5 7
9	3 6
10	3 6
11	4 4
12	5 6
13	7 7
14	5 6
15	4 4
16	4 4
17	4 4
18	4 4
19	4 4
20	4 4
21	5 6
22	3 5
23	5 6
24	7 5
25	6 7
26	6 7
27	7 9
--------------------------
25:
1	4 4
2	5 6
3	4 4
4	4 4
5	6 3
6	7 5
7	7 5
8	7 5
9	7 5
10	7 5
11	6 7
12	7 9
--------------------------
26:
1	3 6
2	3 6
3	4 4
4	5 6
5	4 4
6	5 6
7	3 5
8	3 5
9	3 5
10	5 6
11	7 7
12	5 6
13	7 5
14	6 3
15	6 3
16	6 3
17	6 3
18	7 5
19	7 5
20	6 7
21	7 9
--------------------------
27:
1	4 4
2	4 4
3	4 4
4	4 4
5	6 3
6	6 3
7	7 5
8	6 7
9	4 6
10	3 8
11	4 6
12	4 6
13	5 8
14	5 8
15	3 7
16	5 6
17	5 6
18	7 5
19	6 7
20	6 7
21	7 5
22	6 3
23	6 3
24	6 3
25	7 5
26	6 7
27	4 6
28	3 8
29	3 8
30	5 9
31	6 7
32	6 7
33	7 5
34	6 7
35	6 7
36	4 6
37	6 7
38	6 7
39	6 7
40	4 8
41	4 8
42	3 6
43	4 4
44	4 4
45	4 4
46	6 3
47	7 5
48	7 5
49	6 7
50	6 7
51	7 9
--------------------------
28:
1	4 4
2	5 6
3	3 5
4	4 7
5	3 5
6	5 6
7	3 5
8	5 6
9	7 5
10	6 7
11	6 7
12	7 9
--------------------------
29:
1	4 4
2	6 3
3	7 5
4	7 5
5	6 7
6	6 7
7	5 9
8	5 9
9	6 7
10	7 5
11	6 3
12	6 3
13	6 3
14	7 5
15	7 5
16	6 7
17	7 9
--------------------------
30:
1	4 4
2	4 4
3	5 6
4	7 5
5	6 7
6	6 7
7	4 8
8	4 8
9	3 6
10	3 6
11	5 7
12	5 7
13	5 7
14	4 9
15	3 7
16	3 7
17	5 6
18	3 5
19	4 3
20	6 4
21	5 6
22	7 7
23	5 6
24	4 4
25	4 4
26	4 4
27	4 4
28	4 4
29	5 6
30	3 7
31	5 6
32	3 5
33	5 6
34	7 5
35	7 5
36	7 5
37	6 7
38	6 7
39	6 7
40	7 9
--------------------------
31:
1	4 4
2	4 4
3	4 4
4	4 4
5	4 4
6	4 4
7	4 4
8	4 4
9	4 4
10	4 4
11	5 6
12	4 4
13	4 4
14	4 4
15	5 6
16	7 5
17	5 6
18	4 8
19	5 6
20	4 8
21	6 9
22	5 7
23	5 7
24	5 7
25	3 8
26	5 7
27	5 7
28	5 7
29	5 7
30	5 7
31	5 7
32	7 6
33	7 6
34	7 6
35	5 7
36	5 7
37	6 9
38	7 7
39	5 6
40	5 6
41	3 5
42	3 5
43	5 6
44	7 5
45	7 5
46	5 6
47	7 5
48	6 3
49	4 4
50	6 3
51	7 5
52	7 5
53	6 7
54	4 8
55	4 8
56	4 8
57	4 8
58	4 8
59	5 6
60	5 6
61	7 5
62	7 5
63	7 5
64	7 5
65	7 5
66	7 5
67	7 5
68	6 3
69	6 3
70	6 3
71	7 5
72	5 6
73	7 5
74	7 5
75	7 5
76	7 5
77	7 5
78	7 5
79	7 5
80	7 5
81	5 6
82	7 7
83	5 6
84	7 5
85	7 5
86	7 5
87	5 6
88	3 7
89	5 6
90	4 8
91	4 8
92	4 8
93	4 8
94	6 7
95	7 9
--------------------------
32:
1	5 6
2	7 5
3	7 5
4	7 5
5	6 7
6	4 6
7	3 8
8	5 9
9	6 7
10	6 7
11	7 5
12	6 3
13	6 3
14	6 3
15	7 5
16	7 5
17	6 7
18	7 9
--------------------------
33:
1	4 4
2	4 4
3	5 6
4	4 4
5	5 6
6	7 5
7	6 7
8	4 6
9	4 6
10	4 6
11	3 8
12	5 9
13	6 7
14	4 8
15	4 8
16	6 7
17	7 9
--------------------------
34:
1	5 6
2	7 7
3	5 6
4	5 6
5	7 5
6	6 7
7	6 7
8	7 9
--------------------------
35:
1	6 3
2	6 3
3	7 5
4	5 6
5	7 5
6	6 7
7	6 7
8	7 9
--------------------------
36:
1	5 6
2	7 7
3	5 6
4	7 5
5	6 7
6	7 9
--------------------------
37:
1	4 4
2	5 6
3	3 7
4	5 6
5	3 7
6	5 6
7	4 8
8	4 8
9	6 7
10	7 9
--------------------------
38:
1	4 4
2	3 6
3	4 4
4	4 4
5	3 6
6	4 4
7	4 4
8	5 6
9	7 7
10	7 7
11	7 7
12	5 6
13	6 4
14	5 6
15	4 4
16	3 6
17	3 6
18	4 8
19	4 8
20	6 7
21	7 5
22	6 3
23	7 5
24	7 5
25	7 5
26	6 7
27	6 7
28	7 9
--------------------------
39:
1	4 4
2	3 6
3	5 7
4	5 7
5	3 8
6	5 9
7	6 7
8	6 7
9	6 7
10	7 5
11	6 7
12	7 9
--------------------------
40:
1	5 6
2	7 5
3	6 7
4	7 5
5	5 6
6	7 5
7	6 7
8	4 6
9	4 6
10	5 8
11	3 7
12	5 6
13	7 5
14	7 5
15	6 7
16	7 9
--------------------------
41:
1	5 6
2	3 7
3	3 7
4	4 9
5	5 7
6	5 7
7	3 8
8	5 9
9	6 7
10	7 5
11	6 7
12	4 6
13	4 6
14	3 8
15	5 9
16	6 7
17	7 9
--------------------------
42:
1	6 3
2	7 5
3	6 7
4	7 9
--------------------------
43:
1	5 6
2	5 6
3	7 5
4	7 5
5	6 7
6	6 7
7	7 9
--------------------------
44:
1	5 6
2	7 5
3	6 7
4	7 5
5	6 3
6	7 5
7	6 7
8	7 9
--------------------------
45:
1	5 6
2	7 5
3	6 7
4	7 9
--------------------------
46:
1	4 4
2	4 4
3	3 6
4	5 7
5	3 8
6	5 9
7	4 7
8	3 5
9	5 6
10	7 7
11	7 7
12	5 6
13	7 5
14	7 5
15	6 7
16	6 7
17	6 7
18	7 9
--------------------------
47:
1	4 4
2	4 4
3	5 6
4	7 5
5	6 7
6	4 6
7	4 6
8	3 8
9	5 9
10	4 7
11	4 7
12	6 6
13	6 6
14	5 8
15	3 7
16	5 6
17	3 5
18	5 6
19	7 5
20	6 7
21	6 7
22	4 8
23	6 7
24	7 9
--------------------------
48:
1	5 6
2	7 5
3	6 7
4	7 5
5	6 7
6	6 7
7	7 9
--------------------------
49:
1	3 6
2	4 4
3	5 6
4	3 5
5	3 5
6	4 7
7	4 7
8	4 7
9	3 9
10	3 9
11	3 9
12	4 7
13	3 5
14	3 5
15	5 6
16	3 7
17	3 7
18	5 6
19	4 4
20	5 6
21	6 4
22	6 4
23	5 6
24	7 5
25	6 7
26	7 9
--------------------------
50:
1	4 4
2	5 6
3	3 5
4	5 6
5	7 5
6	7 5
7	6 7
8	7 9
--------------------------
51:
1	5 6
2	7 5
3	6 7
4	6 7
5	7 9
--------------------------
52:
1	3 6
2	3 6
3	3 6
4	4 4
5	5 6
6	5 6
7	7 5
8	7 5
9	6 7
10	7 9
--------------------------
53:
1	4 4
2	4 4
3	4 4
4	5 6
5	3 5
6	5 6
7	4 8
8	6 7
9	7 9
--------------------------
54:
1	4 4
2	5 6
3	7 5
4	6 7
5	7 9
--------------------------
55:
1	4 4
2	4 4
3	5 6
4	7 5
5	7 5
6	7 5
7	7 5
8	7 5
9	7 5
10	6 7
11	7 5
12	6 7
13	7 9
--------------------------
56:
1	4 4
2	6 3
3	4 4
4	4 4
5	5 6
6	3 7
7	3 7
8	3 7
9	5 8
10	3 7
11	5 8
12	3 7
13	4 9
14	4 9
15	3 7
16	5 8
17	6 6
18	5 8
19	3 7
20	5 8
21	3 7
22	5 6
23	3 5
24	3 5
25	5 6
26	3 7
27	3 7
28	5 6
29	7 5
30	6 7
31	6 7
32	7 5
33	6 3
34	7 5
35	6 7
36	7 9
--------------------------
57:
1	5 6
2	7 5
3	6 7
4	7 5
5	6 7
6	6 7
7	7 9
--------------------------
58:
1	5 6
2	4 8
3	6 7
4	4 8
5	5 6
6	7 5
7	6 7
8	7 9
--------------------------
59:
1	4 4
2	4 4
3	5 6
4	7 5
5	6 7
6	6 7
7	6 7
8	4 8
9	4 8
10	4 8
11	4 8
12	5 6
13	7 5
14	6 7
15	7 9
--------------------------
60:
1	4 4
2	5 6
3	5 6
4	7 5
5	6 3
6	4 4
7	5 6
8	6 4
9	5 6
10	7 5
11	5 6
12	7 5
13	6 7
14	7 9
--------------------------
61:
1	4 4
2	5 6
3	3 5
4	5 6
5	4 4
6	4 4
7	5 6
8	7 5
9	7 5
10	6 7
11	7 9
--------------------------
62:
1	3 6
2	3 6
3	4 4
4	5 6
5	3 5
6	3 5
7	3 5
8	5 6
9	4 8
10	5 6
11	7 5
12	6 7
13	7 9
--------------------------
63:
1	5 6
2	7 5
3	6 3
4	6 3
5	6 3
6	4 4
7	5 6
8	7 5
9	6 7
10	7 9
--------------------------
64:
1	5 6
2	7 5
3	6 7
4	7 9
--------------------------
65:
1	3 6
2	3 6
3	3 6
4	3 6
5	3 6
6	4 4
7	5 6
8	7 5
9	7 5
10	6 7
11	6 7
12	6 7
13	7 9
--------------------------
66:
1	5 6
2	6 4
3	6 4
4	5 6
5	7 5
6	5 6
7	7 5
8	6 7
9	5 9
10	5 9
11	6 7
12	6 7
13	6 7
14	7 9
--------------------------
67:
1	4 4
2	4 4
3	5 6
4	7 7
5	7 7
6	7 7
7	5 6
8	7 5
9	7 5
10	6 7
11	6 7
12	7 9
--------------------------
68:
1	5 6
2	7 5
3	6 3
4	6 3
5	7 5
6	6 7
7	7 9
--------------------------
69:
1	4 4
2	5 6
3	7 5
4	7 5
5	6 3
6	6 3
7	7 5
8	6 7
9	7 9
--------------------------
70:
1	5 6
2	3 5
3	3 5
4	5 6
5	7 7
6	5 6
7	7 5
8	6 7
9	4 6
10	3 8
11	3 8
12	3 8
13	3 8
14	5 9
15	6 7
16	6 7
17	6 7
18	6 7
19	7 5
20	6 7
21	6 7
22	6 7
23	4 8
24	6 7
25	4 6
26	4 6
27	3 8
28	5 9
29	6 7
30	7 5
31	7 5
32	7 5
33	6 7
34	6 7
35	6 7
36	7 9
--------------------------
71:
1	5 6
2	7 5
3	7 5
4	6 7
5	4 6
6	4 6
7	5 8
8	7 7
9	7 7
10	5 6
11	7 5
12	6 7
13	6 7
14	5 9
15	5 9
16	6 7
17	4 6
18	3 8
19	5 7
20	5 7
21	3 8
22	5 9
23	6 7
24	4 8
25	4 8
26	3 6
27	3 6
28	4 4
29	5 6
30	7 5
31	6 7
32	4 8
33	6 7
34	7 9
--------------------------
72:
1	5 6
2	7 5
3	6 7
4	6 7
5	5 9
6	5 9
7	6 7
8	7 9
--------------------------
73:
1	4 4
2	4 4
3	4 4
4	4 4
5	4 4
6	4 4
7	4 4
8	3 6
9	3 6
10	4 4
11	5 6
12	7 5
13	7 5
14	7 5
15	6 7
16	7 9
--------------------------
74:
1	3 6
2	5 7
3	7 6
4	7 6
5	7 6
6	7 6
7	7 6
8	7 6
9	6 4
10	5 6
11	7 5
12	5 6
13	7 5
14	5 6
15	6 4
16	5 6
17	7 5
18	6 3
19	6 3
20	7 5
21	7 5
22	6 7
23	6 7
24	4 8
25	6 9
26	7 7
27	7 7
28	7 7
29	7 7
30	7 7
31	7 7
32	5 6
33	7 5
34	6 7
35	7 9
--------------------------
75:
1	3 6
2	3 6
3	4 4
4	3 6
5	4 4
6	5 6
7	4 8
8	4 8
9	4 8
10	4 8
11	4 8
12	6 9
13	7 7
14	5 6
15	7 5
16	6 7
17	5 9
18	5 9
19	6 7
20	7 9
--------------------------
76:
1	5 6
2	7 5
3	6 3
4	6 3
5	6 3
6	7 5
7	5 6
8	3 5
9	5 6
10	7 5
11	6 7
12	7 5
13	5 6
14	7 5
15	7 5
16	6 7
17	7 9
--------------------------
77:
1	5 6
2	6 4
3	6 4
4	6 4
5	6 4
6	5 6
7	4 8
8	4 8
9	4 8
10	6 7
11	7 9
--------------------------
78:
1	4 4
2	6 3
3	7 5
4	7 5
5	7 5
6	6 3
7	6 3
8	6 3
9	7 5
10	6 7
11	6 7
12	4 6
13	3 4
14	3 4
15	4 6
16	4 6
17	4 6
18	3 8
19	5 7
20	7 6
21	7 6
22	7 6
23	5 7
24	3 6
25	5 7
26	6 9
27	7 7
28	5 6
29	7 5
30	6 7
31	7 9
--------------------------
79:
1	5 6
2	3 7
3	4 9
4	4 9
5	3 7
6	3 7
7	5 6
8	7 5
9	6 7
10	4 6
11	3 8
12	5 9
13	6 7
14	4 6
15	3 8
16	3 8
17	4 6
18	3 8
19	3 8
20	3 8
21	5 7
22	3 8
23	5 9
24	5 9
25	6 7
26	7 9
--------------------------
80:
1	5 6
2	3 7
3	3 7
4	5 8
5	6 6
6	6 6
7	5 8
8	3 7
9	5 6
10	7 5
11	6 7
12	7 9
--------------------------
81:
1	4 4
2	4 4
3	4 4
4	4 4
5	4 4
6	4 4
7	5 6
8	7 5
9	7 5
10	7 5
11	6 7
12	7 9
--------------------------
82:
1	4 4
2	5 6
3	7 5
4	6 7
5	7 9
--------------------------
83:
1	6 3
2	7 5
3	6 7
4	7 5
5	6 7
6	6 7
7	7 9
--------------------------
84:
1	3 6
2	3 6
3	4 4
4	5 6
5	7 5
6	6 7
7	6 7
8	7 9
--------------------------
85:
1	3 6
2	4 4
3	6 3
4	7 5
5	6 7
6	6 7
7	7 9
--------------------------
86:
1	4 4
2	6 3
3	6 3
4	4 4
5	6 3
6	7 5
7	7 5
8	6 7
9	7 9
--------------------------
87:
1	3 6
2	4 4
3	6 3
4	7 5
5	7 5
6	7 5
7	6 7
8	7 5
9	7 5
10	6 7
11	6 7
12	7 9
--------------------------
88:
1	6 3
2	7 5
3	6 7
4	7 9
--------------------------
89:
1	4 4
2	6 3
3	6 3
4	7 5
5	6 7
6	7 9
--------------------------
90:
1	4 4
2	4 4
3	6 3
4	6 3
5	7 5
6	7 5
7	7 5
8	6 7
9	7 9
--------------------------
91:
1	3 6
2	4 4
3	4 4
4	6 3
5	6 3
6	7 5
7	7 5
8	7 5
9	7 5
10	6 7
11	7 9
--------------------------
92:
1	4 4
2	6 3
3	6 3
4	7 5
5	6 7
6	7 9
--------------------------
93:
1	3 6
2	4 4
3	6 3
4	7 5
5	6 7
6	7 9
--------------------------
94:
1	6 3
2	7 5
3	6 7
4	7 9
--------------------------
95:
1	4 4
2	6 3
3	6 3
4	6 3
5	6 3
6	6 3
7	6 3
8	6 3
9	6 3
10	7 5
11	6 7
12	5 9
13	6 7
14	5 9
15	6 7
16	7 5
17	7 5
18	6 7
19	4 8
20	4 8
21	6 9
22	4 8
23	4 8
24	4 8
25	6 9
26	7 7
27	5 6
28	3 5
29	3 5
30	5 6
31	7 5
32	6 7
33	7 9
--------------------------
96:
1	6 3
2	6 3
3	6 3
4	7 5
5	7 5
6	7 5
7	6 7
8	7 9
--------------------------
97:
1	6 3
2	7 5
3	6 7
4	4 6
5	3 8
6	3 8
7	3 8
8	5 9
9	6 7
10	7 5
11	7 5
12	6 7
13	6 7
14	6 7
15	7 5
16	6 7
17	6 7
18	4 8
19	4 8
20	6 7
21	5 9
22	5 9
23	6 7
24	7 9
--------------------------
98:
1	6 3
2	6 3
3	7 5
4	6 7
5	5 9
6	3 8
7	5 9
8	6 7
9	7 9
--------------------------
99:
1	6 3
2	4 4
3	4 4
4	6 3
5	7 5
6	7 5
7	7 5
8	7 5
9	6 7
10	7 9
--------------------------
100:
1	6 3
2	6 3
3	6 3
4	6 3
5	6 3
6	4 4
7	4 4
8	3 6
9	3 6
10	4 4
11	6 3
12	6 3
13	6 3
14	6 3
15	6 3
16	6 3
17	6 3
18	7 5
19	6 7
20	7 9
