--------------------------
1:
1	3 4
2	1 5
3	4 4
4	4 4
5	4 4
6	4 4
7	3 6
8	4 1
9	5 3
10	4 5
11	5 7
--------------------------
2:
1	3 7
2	4 5
3	3 7
4	2 5
5	5 4
6	1 6
7	5 1
8	3 7
9	4 5
10	5 7
--------------------------
3:
1	1 4
2	2 6
3	1 1
4	1 1
5	1 1
6	5 3
7	5 3
8	1 5
9	3 6
10	5 7
--------------------------
4:
1	1 7
2	5 2
3	4 4
4	4 4
5	1 3
6	3 4
7	3 4
8	1 3
9	2 1
10	3 6
11	1 5
12	1 5
13	5 3
14	4 5
15	1 6
16	2 1
17	3 6
18	1 7
19	1 7
20	4 1
21	4 1
22	4 1
23	4 1
24	2 2
25	2 2
26	5 3
27	4 5
28	5 7
--------------------------
5:
1	3 4
2	3 4
3	2 6
4	3 4
5	2 6
6	1 1
7	2 6
8	3 1
9	3 1
10	3 1
11	1 2
12	5 7
--------------------------
6:
1	3 4
2	3 4
3	2 2
4	1 7
5	4 1
6	5 3
7	4 5
8	5 7
--------------------------
7:
1	1 7
2	5 5
3	4 7
4	5 2
5	2 1
6	5 7
--------------------------
8:
1	3 4
2	2 2
3	5 3
4	4 5
5	5 7
--------------------------
9:
1	3 4
2	3 4
3	3 4
4	2 2
5	3 4
6	2 2
7	3 4
8	2 2
9	1 4
10	2 6
11	5 7
--------------------------
10:
1	3 4
2	1 3
3	5 5
4	4 7
5	5 2
6	4 7
7	5 5
8	1 3
9	2 1
10	3 6
11	2 4
12	1 2
13	5 7
--------------------------
11:
1	3 4
2	2 6
3	5 7
--------------------------
12:
1	1 4
2	1 4
3	2 2
4	3 4
5	2 2
6	2 2
7	3 4
8	2 2
9	3 4
10	2 2
11	3 4
12	2 2
13	3 4
14	2 2
15	3 7
16	3 7
17	2 5
18	1 3
19	2 1
20	3 6
21	2 4
22	2 4
23	1 2
24	5 7
--------------------------
13:
1	3 4
2	3 4
3	2 2
4	3 4
5	2 2
6	3 4
7	1 3
8	2 1
9	3 6
10	2 4
11	1 2
12	5 7
--------------------------
14:
1	3 4
2	2 2
3	3 7
4	3 7
5	5 1
6	1 3
7	4 4
8	4 4
9	4 4
10	4 4
11	5 2
12	4 7
13	5 2
14	4 7
15	1 6
16	4 5
17	5 3
18	4 5
19	5 7
--------------------------
15:
1	3 4
2	2 2
3	3 4
4	1 3
5	2 1
6	1 6
7	2 1
8	3 6
9	2 4
10	1 2
11	2 7
12	1 5
13	1 5
14	2 7
15	2 7
16	2 7
17	1 5
18	5 3
19	4 1
20	3 6
21	2 1
22	3 6
23	2 4
24	1 6
25	5 1
26	1 3
27	2 1
28	4 2
29	4 2
30	3 4
31	1 3
32	2 1
33	3 6
34	2 4
35	1 2
36	5 4
37	4 2
38	5 4
39	3 5
40	2 7
41	2 7
42	1 5
43	5 3
44	2 2
45	3 4
46	5 5
47	1 3
48	2 1
49	1 3
50	2 1
51	3 6
52	2 4
53	5 5
54	1 3
55	4 2
56	3 4
57	2 2
58	3 4
59	5 3
60	4 5
61	5 7
--------------------------
16:
1	1 7
2	5 5
3	3 6
4	2 4
5	1 2
6	5 7
--------------------------
17:
1	3 4
2	5 3
3	3 4
4	3 4
5	2 6
6	5 7
--------------------------
18:
1	3 4
2	1 3
3	3 4
4	5 3
5	4 5
6	4 5
7	2 6
8	5 7
--------------------------
19:
1	3 4
2	5 3
3	1 1
4	5 3
5	4 5
6	5 7
--------------------------
20:
1	3 4
2	5 3
3	4 5
4	5 7
--------------------------
21:
1	3 4
2	5 3
3	1 5
4	1 5
5	2 7
6	1 5
7	5 3
8	4 5
9	2 6
10	5 7
--------------------------
22:
1	3 4
2	3 4
3	5 3
4	4 5
5	5 7
--------------------------
23:
1	1 7
2	3 6
3	2 4
4	1 6
5	2 1
6	3 6
7	5 7
--------------------------
24:
1	3 7
2	4 5
3	5 7
--------------------------
25:
1	3 4
2	1 3
3	2 1
4	4 7
5	5 2
6	4 4
7	4 4
8	5 2
9	3 1
10	2 6
11	5 7
--------------------------
26:
1	2 2
2	3 4
3	5 3
4	4 5
5	3 7
6	4 5
7	5 7
--------------------------
27:
1	3 4
2	5 3
3	4 5
4	4 5
5	5 7
--------------------------
28:
1	2 2
2	3 4
3	5 3
4	4 5
5	3 7
6	4 5
7	5 7
--------------------------
29:
1	3 4
2	5 3
3	4 5
4	5 7
--------------------------
30:
1	3 4
2	5 3
3	4 5
4	5 7
--------------------------
31:
1	1 7
2	3 6
3	4 4
4	5 2
5	4 7
6	3 5
7	1 4
8	5 2
9	4 7
10	5 2
11	3 1
12	3 1
13	5 2
14	5 2
15	1 7
16	5 2
17	1 4
18	5 2
19	3 1
20	3 1
21	3 1
22	3 1
23	3 1
24	3 1
25	3 1
26	3 1
27	3 1
28	1 2
29	4 1
30	2 2
31	3 4
32	2 6
33	1 4
34	5 2
35	1 7
36	3 6
37	2 4
38	1 2
39	5 7
--------------------------
32:
1	4 1
2	2 2
3	3 4
4	5 3
5	1 5
6	4 4
7	5 2
8	3 1
9	3 1
10	3 1
11	3 1
12	3 1
13	3 1
14	3 1
15	3 1
16	2 6
17	3 4
18	5 3
19	4 5
20	2 4
21	1 2
22	5 7
--------------------------
33:
1	3 4
2	5 3
3	4 5
4	2 4
5	2 4
6	1 2
7	5 4
8	4 2
9	3 7
10	4 2
11	3 4
12	4 2
13	3 4
14	5 3
15	2 4
16	1 2
17	5 7
--------------------------
34:
1	3 4
2	5 5
3	5 5
4	1 3
5	2 1
6	4 7
7	5 2
8	3 1
9	3 1
10	3 1
11	2 6
12	5 7
--------------------------
35:
1	3 4
2	4 2
3	3 4
4	5 3
5	1 5
6	5 3
7	4 5
8	5 7
--------------------------
36:
1	3 4
2	5 3
3	4 5
4	5 7
--------------------------
37:
1	1 7
2	3 6
3	2 4
4	1 2
5	5 7
--------------------------
38:
1	1 7
2	4 1
3	2 2
4	5 3
5	3 4
6	5 3
7	4 5
8	5 7
--------------------------
39:
1	3 4
2	5 3
3	1 5
4	5 3
5	4 1
6	4 1
7	2 2
8	3 4
9	5 3
10	2 2
11	3 4
12	5 3
13	4 5
14	5 7
--------------------------
40:
1	3 4
2	4 2
3	3 4
4	5 3
5	4 5
6	2 4
7	5 3
8	4 5
9	5 7
--------------------------
41:
1	3 4
2	5 3
3	1 1
4	1 1
5	4 2
6	3 4
7	5 3
8	1 1
9	2 6
10	5 7
--------------------------
42:
1	3 4
2	5 3
3	4 5
4	5 7
--------------------------
43:
1	3 4
2	5 3
3	3 4
4	5 3
5	4 5
6	5 7
--------------------------
44:
1	2 2
2	2 2
3	3 4
4	3 4
5	2 6
6	4 5
7	5 7
--------------------------
45:
1	4 1
2	2 2
3	3 4
4	2 6
5	1 1
6	5 3
7	4 5
8	5 7
--------------------------
46:
1	3 4
2	5 5
3	1 3
4	2 1
5	3 6
6	2 4
7	1 2
8	5 7
--------------------------
47:
1	3 4
2	5 3
3	4 1
4	3 6
5	2 4
6	1 2
7	5 7
--------------------------
48:
1	5 1
2	2 7
3	3 5
4	1 4
5	5 2
6	1 7
7	2 2
8	5 3
9	4 5
10	5 7
--------------------------
49:
1	1 7
2	2 2
3	5 3
4	4 5
5	5 7
--------------------------
50:
1	5 3
2	4 5
3	5 7
--------------------------
51:
1	3 4
2	5 3
3	4 5
4	5 7
--------------------------
52:
1	3 4
2	2 2
3	3 4
4	5 5
5	1 7
6	3 6
7	2 4
8	1 2
9	5 4
10	5 4
11	1 6
12	2 1
13	3 6
14	2 4
15	1 2
16	5 7
--------------------------
53:
1	1 7
2	3 1
3	5 2
4	4 7
5	5 2
6	1 4
7	5 2
8	3 1
9	3 1
10	3 1
11	3 1
12	1 7
13	3 6
14	4 1
15	2 2
16	3 4
17	3 4
18	5 3
19	4 5
20	5 7
--------------------------
54:
1	1 7
2	3 6
3	2 4
4	5 3
5	4 5
6	5 7
--------------------------
55:
1	3 4
2	2 2
3	3 4
4	5 3
5	4 1
6	2 2
7	5 3
8	4 5
9	5 3
10	4 5
11	5 3
12	4 5
13	1 6
14	2 1
15	3 6
16	2 1
17	3 6
18	2 4
19	5 3
20	1 5
21	3 6
22	2 4
23	1 2
24	5 7
--------------------------
56:
1	3 4
2	2 6
3	5 7
--------------------------
57:
1	3 7
2	5 1
3	1 3
4	2 1
5	3 6
6	2 4
7	4 5
8	5 7
--------------------------
58:
1	3 7
2	1 1
3	4 2
4	3 7
5	4 5
6	5 7
--------------------------
59:
1	3 4
2	5 3
3	2 2
4	3 4
5	5 3
6	4 5
7	5 7
--------------------------
60:
1	3 7
2	1 6
3	2 4
4	1 2
5	4 1
6	2 2
7	5 1
8	1 3
9	2 1
10	2 1
11	2 1
12	3 6
13	5 7
--------------------------
61:
1	3 7
2	1 1
3	1 1
4	4 7
5	5 2
6	3 1
7	3 1
8	2 6
9	5 7
--------------------------
62:
1	5 3
2	4 5
3	1 6
4	2 4
5	1 2
6	5 7
--------------------------
63:
1	5 3
2	4 5
3	5 7
--------------------------
64:
1	5 3
2	4 5
3	5 7
--------------------------
65:
1	1 4
2	5 2
3	2 1
4	3 6
5	2 4
6	1 2
7	1 2
8	5 7
--------------------------
66:
1	5 3
2	4 5
3	5 7
--------------------------
67:
1	3 7
2	2 5
3	4 4
4	3 6
5	2 4
6	1 2
7	1 2
8	4 1
9	1 2
10	5 7
--------------------------
68:
1	5 3
2	3 4
3	5 3
4	3 4
5	2 2
6	3 7
7	3 7
8	4 5
9	2 4
10	1 2
11	5 4
12	5 4
13	4 2
14	4 2
15	3 4
16	5 3
17	1 1
18	2 6
19	3 1
20	3 1
21	1 7
22	3 6
23	2 4
24	1 2
25	5 7
--------------------------
69:
1	5 3
2	1 1
3	2 6
4	5 5
5	1 3
6	2 1
7	4 7
8	5 2
9	2 1
10	3 6
11	2 4
12	5 5
13	5 5
14	1 3
15	3 4
16	5 3
17	2 2
18	5 3
19	4 5
20	5 7
--------------------------
70:
1	5 3
2	4 5
3	5 7
--------------------------
71:
1	5 3
2	5 3
3	1 5
4	5 3
5	4 5
6	2 4
7	2 4
8	1 2
9	5 7
--------------------------
72:
1	5 3
2	4 5
3	3 7
4	4 5
5	1 6
6	2 1
7	3 6
8	2 4
9	1 2
10	4 1
11	2 2
12	5 3
13	2 4
14	1 2
15	5 7
--------------------------
73:
1	4 1
2	2 2
3	5 3
4	4 5
5	5 7
--------------------------
74:
1	2 2
2	5 3
3	1 5
4	3 4
5	3 4
6	4 2
7	3 4
8	5 3
9	4 5
10	5 7
--------------------------
75:
1	2 2
2	5 3
3	1 5
4	5 3
5	4 5
6	1 4
7	5 2
8	2 1
9	1 6
10	3 5
11	3 5
12	1 4
13	4 5
14	5 7
--------------------------
76:
1	5 3
2	4 5
3	3 7
4	4 5
5	5 7
--------------------------
77:
1	1 4
2	5 2
3	1 7
4	3 6
5	5 5
6	1 3
7	2 1
8	4 2
9	3 4
10	3 4
11	5 3
12	5 3
13	4 5
14	2 6
15	1 1
16	2 6
17	1 4
18	1 4
19	5 2
20	3 1
21	3 1
22	2 6
23	5 7
--------------------------
78:
1	1 7
2	3 6
3	2 4
4	1 2
5	1 2
6	5 7
--------------------------
79:
1	5 3
2	4 5
3	2 6
4	5 7
--------------------------
80:
1	5 3
2	4 5
3	5 7
--------------------------
81:
1	4 1
2	2 2
3	5 3
4	4 5
5	1 4
6	5 2
7	3 1
8	3 1
9	1 7
10	1 7
11	3 6
12	2 4
13	1 2
14	5 7
--------------------------
82:
1	5 3
2	4 5
3	1 6
4	3 7
5	4 5
6	5 7
--------------------------
83:
1	5 3
2	2 2
3	3 4
4	5 3
5	4 5
6	5 7
--------------------------
84:
1	5 3
2	4 5
3	5 7
--------------------------
85:
1	5 3
2	4 5
3	5 7
--------------------------
86:
1	5 3
2	4 1
3	3 6
4	1 7
5	3 6
6	2 4
7	5 3
8	4 5
9	1 4
10	5 2
11	5 2
12	3 1
13	3 1
14	1 7
15	3 6
16	2 4
17	5 3
18	4 5
19	5 7
--------------------------
87:
1	5 3
2	4 1
3	2 2
4	5 3
5	4 5
6	5 7
--------------------------
88:
1	5 3
2	4 5
3	5 7
--------------------------
89:
1	4 1
2	2 2
3	5 3
4	2 4
5	1 2
6	2 4
7	3 6
8	2 1
9	3 6
10	2 4
11	1 2
12	5 4
13	4 2
14	3 4
15	2 2
16	5 3
17	4 5
18	5 7
--------------------------
90:
1	5 3
2	4 5
3	3 7
4	1 6
5	2 1
6	3 6
7	2 4
8	1 2
9	3 1
10	3 1
11	3 1
12	3 1
13	3 1
14	3 1
15	2 6
16	5 7
--------------------------
91:
1	5 3
2	4 5
3	5 7
--------------------------
92:
1	5 3
2	1 5
3	3 4
4	5 3
5	4 5
6	5 7
--------------------------
93:
1	5 3
2	4 5
3	4 5
4	3 7
5	4 2
6	2 1
7	3 6
8	4 1
9	1 2
10	5 7
--------------------------
94:
1	5 3
2	4 5
3	5 7
--------------------------
95:
1	5 3
2	4 5
3	5 7
--------------------------
96:
1	1 7
2	3 6
3	2 4
4	1 2
5	5 4
6	1 6
7	4 7
8	5 2
9	4 7
10	5 2
11	1 4
12	2 2
13	5 3
14	4 5
15	5 7
--------------------------
97:
1	5 3
2	4 5
3	2 6
4	5 7
--------------------------
98:
1	2 2
2	5 3
3	4 1
4	4 1
5	2 2
6	5 3
7	1 5
8	5 3
9	2 4
10	1 2
11	5 7
--------------------------
99:
1	5 3
2	4 5
3	1 6
4	5 4
5	4 2
6	3 4
7	5 3
8	2 2
9	5 1
10	1 3
11	2 1
12	3 6
13	5 7
--------------------------
100:
1	5 3
2	4 5
3	5 7
